0.37486 0.50569
-0.81631 0.91631
-0.65097 -0.74151
-1.0653 1.1984
-0.54776 -1.3356
0.60931 0.031302
-1.9098 -0.67825
1.4009 2.9711
-0.096048 -0.88865
1.094 -1.4815
-1.5315 -1.5489
0.74409 2.302
2.7578 0.8159
-0.009937 -1.2697
-0.74219 -0.72988
0.20846 -0.56324
0.081927 1.0344
-0.17302 -0.29044
0.20821 -1.5682
-0.91371 0.25963
1.875 1.4333
0.37791 -0.79189
-1.5315 0.5289
1.7822 -1.0721
-1.354 0.30167
2.2238 -2.3272
2.2822 -2.1338
-0.55774 -2.0878
-0.49936 -0.60956
0.35136 0.084918
-0.96677 2.6359
0.25768 4.0764
0.57392 1.161
-3.373 -0.22995
-0.8194 -0.68339
-0.53531 -1.4615
0.74924 -0.23239
0.20765 1.1844
-0.54605 -0.60887
1.4301 -2.1613
-0.48606 2.7645
-1.552 -0.18852
-0.84881 0.56541
1.8094 3.3188
-1.5862 1.799
-0.77695 -1.081
0.46871 1.9482
0.96476 1.9177
-2.2717 0.73777
-0.74533 -0.27525
-2.5722 -1.081
0.10456 1.2015
-0.32746 3.2224
-0.07975 -0.28977
-0.012788 -0.29307
2.2024 -0.7326
-0.92727 0.19813
-0.53671 0.43606
2.2188 0.017885
0.75078 -2.7231
1.1344 2.9964
0.46694 -1.2241
-0.72689 2.2639
-0.50866 2.8215
-1.2858 4.0287
0.35494 -0.37075
-1.2597 -0.7691
1.46 -1.7168
1.858 -3.6517
-0.77263 0.80034
-0.40939 1.0322
-0.60486 -1.4836
-2.3647 -0.45556
-0.43451 -0.28322
-1.8447 -1.8233
-0.69764 2.4436
-0.31961 2.9132
0.15659 1.6955
0.25653 1.2987
0.4055 0.46115
-0.67324 2.3399
-0.82578 1.9132
-0.82206 -1.4592
0.76176 -0.31218
-1.2546 -2.0326
0.80972 1.0044
-1.5501 -0.29398
-0.20841 -2.7894
-1.9825 -1.7718
-0.25086 -0.9454
-1.0748 0.40029
-1.3027 0.040583
0.98283 2.6866
0.03403 -0.1371
1.6619 -0.75103
2.1948 -0.53403
0.72728 -1.3125
-1.6515 -0.96936
1.1319 -2.585
0.16673 1.1666
-0.12852 2.4243
-0.78128 0.028692
0.29273 1.112
0.59984 -0.97803
2.2131 0.035589
-1.9629 0.48102
-0.28005 -0.050446
-0.40349 -0.20899
-1.4123 0.29729
-0.81849 -3.5798
0.46989 -0.79608
1.4299 -2.5239
-1.2637 -0.89118
0.88182 1.5708
0.63384 2.2502
-1.2391 -1.9649
-0.65147 2.0996
-0.76286 -1.5737
0.86534 0.5847
-0.9101 -1.8463
-0.44223 2.9368
-2.0405 2.8777
-0.038294 -0.92492
-1.4348 -1.0967
0.59159 -0.82329
-3.004 0.51566
-1.4252 -0.5547
1.6044 -1.1681
1.2453 -2.7426
1.1378 -0.62494
-0.84026 -2.6743
-0.11485 -0.74728
0.49013 -0.14724
-1.25 0.1042
0.70887 0.6881
1.4897 2.6368
-2.2062 -0.98926
1.8729 -0.51888
-1.595 -3.1525
0.29274 -3.8511
0.95549 0.78595
-4.57 1.4147
0.55095 0.70721
0.288 -0.38342
-2.8385 0.65622
1.6203 0.12966
-0.20987 2.9179
-0.26451 0.021953
-1.622 -2.773
1.8439 -2.0955
-1.1305 -0.087791
-0.21983 -0.82494
-0.14042 1.0509
-1.976 2.5693
1.1177 -0.45426
-0.46724 1.6833
-1.0931 0.84103
-0.93891 1.9382
1.5457 4.652
-0.083579 0.72243
2.4981 2.5102
0.52347 -0.2607
1.036 -4.4157
0.15911 -2.464
-0.14156 -1.6741
0.43198 2.0473
-0.61649 -1.9922
2.7482 -1.3357
3.035 -1.3974
-1.5418 -0.89081
-2.2164 0.28274
-1.2087 1.6387
0.85358 -1.7889
0.69425 2.4913
0.61864 1.4051
0.23636 -0.36933
1.055 1.2849
-1.2337 4.3584
-2.0105 -0.2042
-0.1884 0.51634
0.60461 -1.9909
-2.1959 -0.14339
1.5097 2.1541
0.69614 2.7134
0.40048 -0.069888
-1.1594 -4.149
-0.15749 -0.53208
0.50198 3.5316
-0.31803 1.6614
0.2675 0.44475
-1.2944 -1.9754
0.85564 -0.40096
-0.44804 0.26254
1.3566 -3.4494
0.087194 -0.035534
0.37434 1.3134
-1.359 -0.59817
-1.5323 0.80018
-0.94181 -1.6223
0.63107 3.4992
1.0765 -0.88228
-2.7293 1.0784
0.3231 2.2631
-1.0679 -0.93368
1.7632 1.4897
0.69508 -0.096024
-0.57364 1.5926
0.0065325 0.1602
3.2261 0.34383
-1.5681 0.53961
1.8978 -0.6955
2.7721 -2.9892
-0.88146 0.94903
1.9762 2.7023
1.2447 1.4396
-0.20805 0.44857
2.2414 -3.3776
-0.01994 0.82023
0.28351 -1.3061
1.3636 -1.9116
0.065464 0.83216
0.42621 1.6274
-0.27485 -4.4096
1.1116 -0.0015967
0.52403 1.6438
-0.54742 1.9498
-0.36001 1.476
3.3611 0.36604
-0.56699 3.0003
0.17972 -3.9432
0.50363 0.88148
-0.13818 2.7449
0.24112 -0.301
-2.542 -2.3537
-1.2807 -1.1216
0.16278 1.2435
0.25358 3.2858
2.1662 1.4559
-1.2695 -1.7464
0.57542 -0.68046
1.5034 -0.6747
0.98711 0.28603
-1.8056 -0.63773
-0.67279 -3.0091
2.1266 -0.42854
-0.14227 -1.6028
-1.3273 -1.1711
0.10098 1.3748
-0.92553 0.23044
0.85937 -0.43625
1.4573 -1.7391
-0.39435 0.6075
0.67628 -0.66669
-1.0357 -0.36052
-0.28747 -2.1054
-0.015634 0.19812
-0.70734 0.44711
-2.135 2.3659
0.46154 0.25385
-0.33931 1.6132
0.62136 1.5891
0.96667 -1.9124
-0.59444 -0.25301
-1.5916 1.4524
-0.94757 -1.6277
0.34599 -1.2003
-0.033724 1.5192
0.9674 0.61195
0.81437 -1.8091
2.3862 0.6399
-0.83685 2.7836
0.8376 -2.5481
0.78616 2.4577
0.14671 0.75646
0.63965 -3.9375
-1.6244 1.6783
-0.16548 -2.0894
3.1244 -2.2052
1.1481 -0.57866
-0.49933 -1.9809
2.2373 -2.1148
2.2463 0.20362
-0.06653 2.3937
0.080875 -0.33777
-0.87138 -1.7265
0.084947 0.71801
-0.87175 -1.3489
-1.0627 1.5885
0.57706 -1.9138
-0.69329 -0.18918
0.7299 -0.062494
1.0679 -1.101
1.0829 0.16994
-0.3964 -1.0955
0.20238 0.18548
-1.2862 -0.071457
0.48795 -0.75143
-1.3251 -0.60729
0.35029 -1.2033
0.76357 0.68159
-0.89115 -1.0019
-1.0891 0.81762
2.623 0.66375
-0.022849 0.2396
-0.53938 1.159
-1.3228 -1.4163
-1.3714 -0.091035
0.62779 -3.342
0.17853 -1.1188
-1.011 -1.812
-0.52167 -2.4911
-0.96463 1.5407
-1.3697 -0.75843
-0.68322 -1.0784
2.3344 -0.68685
1.0346 0.54744
1.3036 0.59518
0.41814 1.5448
0.47716 -0.092985
-0.96696 0.68361
-0.050762 2.3635
0.13382 -1.1762
0.89274 -1.5957
0.18635 0.77799
0.36867 2.3011
2.3889 2.382
1.6082 0.96213
-0.42799 0.83335
-0.67868 -0.29356
0.93269 3.9212
-1.5114 1.7367
0.86335 1.185
-0.57193 -2.0462
0.0028569 -1.4452
0.38005 2.0845
0.49982 -1.1645
-0.12102 -0.44173
-3.2283 1.3284
1.881 -0.37118
-0.31087 1.1586
-1.8635 -0.076618
2.3357 1.9213
2.3842 0.3378
-3.2605 1.4064
0.29359 1.4715
1.1779 0.28998
1.3495 1.3347
1.0822 -3.8471
-0.93993 -0.305
0.58534 0.60142
-1.0267 2.6153
-0.96869 1.6331
1.1877 0.49342
-3.0522 -3.0609
-2.9633 -0.53888
0.5547 -0.50321
1.6269 0.23181
-1.0647 -2.1755
0.18323 -3.5535
-1.7245 -0.62975
-0.21446 -0.60479
-1.3905 1.471
1.7044 -2.0267
2.7218 -0.62198
-1.9989 0.81301
3.0205 1.9546
1.9781 2.3286
-1.4823 0.58193
0.68503 -3.4549
-0.4594 1.2209
-0.055401 -2.2182
-0.62687 0.34586
-0.24174 -0.91578
2.867 -0.88975
1.5299 0.025661
1.1474 -0.8149
-0.40537 -0.88439
0.11009 1.772
-1.2397 -1.9003
-1.5304 -1.1051
0.029683 -0.88412
-2.8934 -1.0717
2.132 -0.07165
-1.8021 2.1967
1.478 0.1075
-0.52298 2.209
-0.99216 -1.9082
0.046491 0.12812
-1.0892 -1.6476
1.8461 0.47394
0.25304 -1.7063
0.99969 -1.8695
1.8074 1.0659
-1.7306 -0.74339
-2.436 2.2287
-3.559 -2.0711
-2.1728 -0.14905
2.9783 -1.8892
0.37189 -1.4925
0.80233 -0.015246
-2.2578 -0.66446
-1.8064 1.836
2.3275 3.1858
-1.5539 -1.3507
2.3922 -2.1818
-1.759 -0.81656
-0.71431 -1.8699
-1.2478 0.2422
-0.68679 -1.7583
-1.8077 0.10409
-0.22741 0.15884
-0.8474 -0.70147
-0.16944 -2.482
-0.56901 4.0292
0.16084 -0.61399
-0.72936 -0.039688
-0.7321 1.9381
-0.3971 1.2607
0.10176 2.1705
0.50822 1.5622
1.101 0.48881
-0.36009 -0.48596
1.0242 4.1561
-1.9194 0.49302
0.24438 -2.3559
2.0974 -0.32757
0.11013 -0.38072
1.5847 0.5341
1.6551 3.0096
-2.5437 -0.73758
1.566 1.0913
1.1651 0.31004
0.36938 5.5595
-2.158 -1.1971
-1.0917 1.5926
2.9545 -2.6187
-1.2839 -0.12511
-0.93992 1.6944
-1.7327 0.088638
-0.02992 5.0641
1.6678 -1.1671
-1.9275 0.20701
2.4385 1.2286
0.31821 2.6473
-1.6996 -0.36753
-1.1502 -1.2708
-2.4021 2.1395
-0.82866 -4.7345
0.15231 -2.304
-2.1839 2.5171
-0.38026 0.29521
-0.71347 1.3706
-0.19776 -0.0060649
0.61344 0.62846
-1.1472 1.4582
0.43072 1.7752
0.50768 -1.285
-0.13482 -1.105
-0.77407 -0.43123
1.6008 1.0585
-1.6211 -0.86768
1.9436 2.8234
-0.71126 3.8347
2.0323 1.1376
-0.67518 -1.769
2.1881 -0.44634
-1.6205 -1.3969
-2.149 -3.183
-0.88164 -1.2268
1.227 -0.70178
-0.014558 1.8337
0.0025232 0.37143
2.4425 -2.2466
-3.7201 -0.25201
0.91462 -3.4441
2.0386 -0.14354
2.0762 2.0717
2.0202 -2.2309
0.28249 -1.793
0.72063 -0.46205
1.198 1.2072
0.026691 -0.045275
2.2962 0.39876
0.79042 3.2295
-3.223 -1.0784
1.7324 -0.4867
0.44145 -1.252
2.0973 1.2231
-0.058554 -1.8528
-1.4747 -1.6388
-1.109 0.79734
0.38182 -0.77904
-1.3817 2.8428
-0.86052 -0.36868
-0.10335 -0.098871
-0.98428 0.21797
-0.35908 -0.62593
-0.31349 -0.71669
-1.1336 1.9012
1.5699 2.1215
11.091 10.68
9.9101 11.601
9.5216 10.288
9.731 11.938
9.4311 9.7952
11.187 10.208
8.1461 10.987
13.08 11.973
10.087 9.8921
11.203 8.8375
8.2656 10.146
12.12 11.818
13.843 9.6763
10.051 9.5656
9.4243 10.344
10.537 9.9753
10.948 11.223
10.208 10.375
10.19 9.2317
9.5754 11.165
13.076 10.59
10.646 9.7184
8.9826 11.684
12.108 8.7842
9.1011 11.424
12.165 7.6268
12.297 7.7398
9.1605 9.2437
9.7354 10.307
10.919 10.381
10.336 12.951
12.193 13.383
11.538 11.062
6.6767 12.076
9.3546 10.418
9.4015 9.6955
11.251 9.9402
11.139 11.269
9.6838 10.332
11.342 8.1604
10.914 12.797
8.7123 11.164
9.7529 11.358
13.654 12.019
9.3601 12.652
9.2646 10.102
11.693 11.699
12.233 11.42
8.233 12.222
9.5777 10.682
7.2718 11.031
11.031 11.335
11.248 13.054
10.311 10.327
10.385 10.29
12.692 8.8179
9.5391 11.127
10.055 11.1
12.969 9.3648
10.394 8.0963
12.793 12.13
10.596 9.3524
10.474 12.552
10.909 12.851
10.463 14.147
10.766 10.042
8.8364 10.583
11.528 8.4739
11.302 6.8361
9.9186 11.492
10.402 11.476
9.3167 9.7152
7.718 11.387
9.92 10.515
7.8232 10.106
10.569 12.669
11.15 12.821
11.259 11.674
11.233 11.328
11.109 10.631
10.56 12.58
10.244 12.343
9.084 9.8457
11.238 9.8747
8.406 9.6453
11.745 10.824
8.678 11.085
9.3061 8.5437
7.6881 10.215
9.8953 9.9303
9.4451 11.353
9.068 11.204
12.518 11.979
10.49 10.381
12.086 9.0841
12.752 8.9688
10.854 9.1523
8.3323 10.638
10.864 8.0012
11.088 11.277
11.194 12.361
9.6427 10.926
11.209 11.171
10.828 9.4658
12.969 9.3809
8.4872 11.872
10.172 10.608
9.98 10.554
9.0349 11.451
8.3562 8.2746
10.747 9.6677
11.216 7.8922
8.7898 10.495
12.021 11.206
11.98 11.837
8.4466 9.6873
10.501 12.391
9.1102 9.7304
11.662 10.485
8.8527 9.6048
11.023 12.902
9.2281 13.686
10.138 9.8354
8.529 10.431
10.873 9.5846
7.3435 12.436
8.7266 10.827
11.878 8.8051
10.936 7.8259
11.547 9.4486
8.6445 8.956
10.115 10.006
10.993 10.137
9.1485 11.224
11.524 10.642
13.063 11.68
7.7098 10.91
12.4 9.1466
7.6418 8.9927
9.496 7.4986
11.832 10.587
5.9154 13.912
11.356 10.738
10.687 10.067
7.5757 12.455
12.343 9.7573
11.274 12.768
10.214 10.653
7.7427 9.2876
11.824 7.995
9.2149 11.02
9.9713 10.003
10.707 11.35
9.1932 13.424
11.584 9.5853
10.562 11.987
9.5768 11.688
10.127 12.42
13.821 13.142
10.657 11.078
14.139 11.065
10.991 10.036
10.126 6.6962
9.8264 8.5943
9.7652 9.3345
11.686 11.791
9.1283 9.3449
13.09 8.0891
13.387 7.895
8.4813 10.639
8.1373 11.856
9.7239 12.338
10.83 8.7344
12.13 11.984
11.672 11.22
10.635 10.104
12.114 10.905
10.635 14.364
8.1979 11.39
10.469 10.98
10.484 8.7138
8.0131 11.53
12.919 11.313
12.209 12.148
10.92 10.241
7.7814 8.0299
10.142 10.188
12.276 12.854
10.72 11.894
10.95 10.691
8.3816 9.7081
11.311 9.7604
10.093 10.926
10.816 7.2453
10.585 10.429
11.369 11.278
8.7851 10.761
9.0753 11.885
8.8948 9.787
12.408 12.763
11.391 9.2899
7.8426 12.711
11.64 12.007
8.9925 10.362
12.971 10.69
11.238 10.069
10.413 11.975
10.563 10.615
14.2 9.0846
8.9456 11.711
12.367 9.003
12.546 6.8532
9.8491 11.659
13.626 11.477
12.378 10.921
10.424 10.94
11.822 6.8404
10.761 11.117
10.364 9.3868
11.354 8.3796
10.86 11.082
11.535 11.484
8.6733 7.3792
11.733 9.9234
11.649 11.445
10.565 12.226
10.61 11.779
14.357 9.0311
10.906 13.014
9.3388 7.489
11.363 10.892
11.294 12.603
10.664 10.152
6.8662 10.074
8.6914 10.333
11.11 11.336
11.915 12.8
13.407 10.456
8.4883 9.8647
10.904 9.6986
11.936 9.2225
11.694 10.201
8.2757 10.963
8.7149 8.6215
12.713 9.0822
9.789 9.3876
8.6226 10.32
11.086 11.465
9.5522 11.15
11.303 9.7324
11.517 8.4588
10.272 11.154
11.021 9.6566
9.226 10.769
9.4544 9.0908
10.551 10.655
9.8691 11.197
8.9466 13.356
11.1 10.449
10.68 11.869
11.738 11.354
10.913 8.5845
9.7529 10.62
9.2346 12.399
8.8865 9.7859
10.47 9.4327
10.987 11.642
11.785 10.452
10.78 8.7397
13.369 9.7384
10.532 12.993
10.55 8.1809
12.221 11.912
10.924 10.984
9.8513 7.2552
9.276 12.583
9.5953 9.0395
13.207 7.251
11.575 9.4776
9.2622 9.2926
12.254 7.7771
13.064 9.488
11.252 12.306
10.473 10.208
8.937 9.6734
10.842 10.987
9.0669 9.953
9.8686 12.226
10.48 8.7851
9.6652 10.719
11.289 10.076
11.305 9.1325
11.761 10.065
9.682 9.8945
10.789 10.533
9.0477 11.113
10.782 9.6914
8.8195 10.736
10.474 9.4282
11.583 10.609
9.1651 10.22
9.5732 11.669
13.641 9.6335
10.557 10.689
10.301 11.637
8.543 10.137
8.9464 11.142
10.044 7.702
10.312 9.5797
8.7525 9.6824
9.0613 8.9266
9.9609 12.139
8.7179 10.648
9.3695 10.056
12.854 8.7835
11.837 10.37
12.152 10.266
11.497 11.427
10.998 10.184
9.6626 11.506
11.259 12.275
10.243 9.5603
10.94 8.8571
10.975 10.979
11.703 12.012
13.974 11.026
12.617 10.38
10.312 11.338
9.6454 10.634
12.888 12.919
9.4216 12.567
11.867 10.93
9.1591 9.2819
10.004 9.4291
11.641 11.846
10.653 9.3796
10.213 10.236
7.375 13.154
12.46 9.2517
10.555 11.518
8.4051 11.408
13.756 10.713
13.263 9.5159
7.3661 13.228
11.334 11.437
11.908 10.105
12.458 10.789
10.374 7.0931
9.3514 10.761
11.357 10.642
10.263 12.967
9.9883 12.21
11.989 10.25
6.0559 9.8147
7.0249 11.635
10.942 9.8405
12.386 9.8295
8.5675 9.4413
9.4772 7.7756
8.3686 10.927
10.053 10.163
9.4642 12.308
11.693 8.1181
13.307 8.631
8.5618 12.136
14.527 10.383
13.499 11.199
9.0554 11.698
10.068 7.5888
10.411 11.641
9.6731 8.8872
9.9235 11.08
9.9157 9.9474
13.375 8.3576
12.207 9.7271
11.492 9.3031
9.7449 10.055
11.234 11.754
8.4682 9.7355
8.42 10.474
10.228 9.8304
6.9186 11.205
12.842 9.3435
9.2577 13.058
12.178 9.8145
10.682 12.405
8.7403 9.6015
10.596 10.571
8.7225 9.8445
12.713 9.8951
10.192 9.1064
10.965 8.5991
12.874 10.353
8.3226 10.846
8.5651 13.41
5.8349 10.81
8.0367 11.514
13.154 7.5604
10.398 9.2031
11.385 10.073
7.7645 11.177
9.1284 12.794
14.183 11.653
8.3092 10.305
12.402 7.6473
8.2657 10.806
9.0619 9.486
9.1985 11.325
9.1309 9.5544
8.5293 11.513
10.302 10.735
9.3173 10.42
9.4555 8.751
11.259 13.776
10.467 9.9624
9.6767 10.848
10.356 12.313
10.494 11.638
11.362 12.053
11.603 11.393
11.891 10.292
9.9326 10.327
13.071 13.045
8.5396 11.858
9.9583 8.6302
12.715 9.172
10.491 10.161
12.443 10.075
13.376 11.87
7.422 11.271
12.615 10.497
11.9 10.126
12.828 14.423
7.6916 10.731
9.8378 12.244
12.876 7.0329
9.0317 11.072
10.041 12.24
8.6073 11.462
12.214 14.263
11.948 8.7731
8.4319 11.651
13.631 10.147
11.767 12.294
8.4866 11.108
8.7848 10.155
8.572 13.327
7.9465 7.4254
9.874 8.7162
8.9444 13.493
10.18 10.915
10.181 11.884
10.278 10.598
11.398 10.648
9.7298 12.173
11.591 11.591
10.62 9.2863
9.9691 9.7521
9.492 10.582
12.642 10.455
8.4012 10.697
13.632 11.583
11.034 13.706
13.148 10.29
9.1401 9.5404
12.775 9.0372
8.2193 10.305
7.0162 9.2569
9.0981 10.049
11.62 9.3456
11.117 11.864
10.631 10.774
12.436 7.5733
6.2838 12.239
10.327 7.478
12.713 9.3386
13.519 10.958
11.973 7.8034
10.195 9.027
11.14 9.7851
12.246 10.773
10.514 10.453
13.186 9.6065
12.492 12.481
6.5504 11.37
12.255 9.2432
10.558 9.345
13.25 10.32
9.7957 9.1593
8.2976 10.051
9.5442 11.664
10.655 9.7259
9.9473 13.319
9.4176 10.673
10.351 10.48
9.4827 11.171
9.8854 10.223
9.9047 10.132
9.8977 12.494
12.975 11.257
11.626 -8.2127
10.461 -6.7133
9.9695 -7.5749
10.298 -6.3197
9.8423 -7.9329
11.694 -8.6684
8.5879 -6.1417
13.779 -8.3533
10.53 -8.2554
11.618 -9.8279
8.6554 -6.9201
12.772 -7.8921
14.416 -10.75
10.471 -8.5072
9.8722 -7.4682
11.003 -8.463
11.514 -7.6693
10.688 -7.9251
10.593 -8.873
10.084 -6.8724
13.681 -9.5111
11.099 -8.7458
9.5037 -6.0719
12.555 -10.43
9.6093 -6.363
12.536 -11.436
12.68 -11.423
9.5241 -8.2288
10.193 -7.6905
11.428 -8.3582
10.995 -5.843
12.952 -6.6239
12.116 -8.1677
7.135 -4.3228
9.8049 -7.3629
9.8048 -7.9982
11.743 -8.9326
11.716 -7.7486
10.141 -7.6381
11.716 -10.481
11.585 -6.328
9.1879 -6.3418
10.282 -6.8202
14.378 -8.6681
9.961 -5.4921
9.69 -7.5727
12.319 -7.7287
12.862 -8.2957
8.7613 -5.1589
10.054 -7.2791
7.6829 -5.5655
11.607 -7.6264
11.949 -6.3184
10.793 -8.0291
10.866 -8.1053
13.163 -10.761
10.044 -6.8824
10.578 -7.2219
13.488 -10.473
10.728 -9.9511
13.492 -8.0451
11.022 -9.0218
11.112 -6.2631
11.583 -6.2794
11.207 -4.9178
11.245 -8.5482
9.2777 -6.9056
11.931 -10.333
11.586 -11.568
10.463 -6.8094
10.964 -7.1209
9.7181 -7.9294
8.1702 -5.5422
10.399 -7.6298
8.1932 -6.6819
11.218 -6.2224
11.832 -6.4534
11.867 -7.4829
11.817 -7.7566
11.642 -8.2651
11.203 -6.292
10.858 -6.2957
9.4852 -7.6766
11.724 -8.9791
8.7675 -7.4271
12.315 -8.4952
9.1469 -6.387
9.6282 -8.9058
8.0602 -6.5068
10.334 -8.1055
9.9617 -6.6349
9.5601 -6.527
13.196 -8.002
10.982 -8.094
12.551 -10.165
13.236 -10.672
11.277 -9.3489
8.7578 -6.5493
11.21 -10.321
11.663 -7.7102
11.846 -6.8666
10.138 -7.1148
11.781 -7.8733
11.271 -9.0699
13.489 -10.46
9.0018 -5.609
10.666 -7.7075
10.464 -7.6342
9.5424 -6.2996
8.6234 -8.5463
11.2 -8.8504
11.568 -10.629
9.2233 -6.951
12.627 -8.3446
12.627 -7.79
8.8125 -7.4168
11.129 -6.4145
9.5047 -7.7895
12.206 -8.7288
9.2287 -7.7362
11.704 -6.3066
9.8935 -4.5438
10.58 -8.3348
8.9482 -6.8436
11.325 -8.9975
7.8519 -4.4309
9.1801 -6.633
12.317 -10.271
11.273 -10.512
12.017 -9.5272
8.9688 -8.1523
10.567 -8.1767
11.488 -8.6081
9.645 -6.5599
12.073 -8.5116
13.742 -8.5891
8.1295 -5.9373
12.882 -10.306
7.9298 -7.5038
9.7551 -9.8995
12.389 -8.7474
6.4681 -2.313
11.905 -8.3273
11.165 -8.4785
8.0944 -4.5586
12.864 -9.7586
11.957 -6.5741
10.713 -7.6953
8.0545 -7.3186
12.206 -10.917
9.7002 -6.7719
10.417 -8.091
11.272 -7.414
9.8397 -4.7419
12.064 -9.4351
11.165 -6.7904
10.121 -6.4345
10.742 -6.159
14.627 -7.829
11.201 -7.6116
14.818 -9.7681
11.479 -8.6917
10.356 -10.961
10.172 -9.1838
10.158 -8.5252
12.319 -7.6472
9.4974 -8.1241
13.527 -11.618
13.823 -11.964
8.9126 -6.6399
8.6374 -5.4065
10.318 -5.9797
11.224 -9.6846
12.793 -7.7591
12.265 -8.118
11.113 -8.415
12.704 -8.655
11.4 -4.8414
8.6689 -5.8356
11 -7.5786
10.863 -9.4887
8.4864 -5.6034
13.567 -8.8085
12.886 -7.6706
11.419 -8.4763
8.0099 -8.3975
10.607 -8.0411
13.003 -7.1195
11.323 -6.9662
11.481 -8.1175
8.7464 -7.3593
11.793 -9.1203
10.606 -7.3919
11.109 -10.925
11.083 -8.112
11.955 -7.8823
9.2364 -6.7248
9.6135 -5.9602
9.2847 -7.6093
13.134 -7.277
11.843 -9.5638
8.3888 -4.5083
12.285 -7.4373
9.4249 -7.1872
13.58 -9.3631
11.738 -8.8163
11.009 -6.7085
11.073 -7.9419
14.747 -11.466
9.4671 -6.0265
12.838 -10.406
12.879 -12.32
10.402 -6.6271
14.313 -9.1062
12.979 -8.8039
10.951 -7.5843
12.127 -11.885
11.313 -7.6428
10.784 -8.8502
11.744 -10.305
11.413 -7.7335
12.141 -7.8121
8.8925 -9.4929
12.242 -9.2435
12.257 -7.9148
11.184 -6.592
11.2 -6.9949
14.907 -11.608
11.591 -6.1412
9.5911 -9.8107
11.923 -8.2032
11.966 -6.7249
11.147 -8.3925
7.1971 -6.1189
9.1103 -7.026
11.69 -7.6743
12.625 -6.9421
14.016 -9.8276
8.8677 -7.2937
11.366 -8.9211
12.405 -9.9563
12.22 -8.9868
8.7209 -6.2416
9.0193 -8.4763
13.203 -10.553
10.187 -8.4953
9.0379 -6.9941
11.674 -7.5516
10.059 -6.8712
11.783 -9.1389
11.919 -10.339
10.807 -7.3111
11.484 -9.0283
9.6949 -6.9893
9.8191 -8.5381
11.063 -7.9016
10.392 -7.0266
9.5789 -4.6471
11.62 -8.4124
11.279 -6.9621
12.343 -8.0459
11.3 -9.8615
10.232 -7.4387
9.8135 -5.6277
9.2761 -7.6051
10.897 -8.8768
11.582 -7.3421
12.331 -8.8318
11.172 -9.6491
13.929 -10.407
11.201 -5.928
10.896 -9.9767
12.882 -7.8756
11.473 -7.8552
10.108 -10.323
9.869 -5.4987
9.962 -8.668
13.593 -12.393
12.047 -9.5198
9.633 -8.2504
12.638 -11.365
13.595 -10.428
11.903 -6.9484
10.953 -8.2283
9.3209 -7.7306
11.388 -7.8018
9.4747 -7.576
10.46 -6.1634
10.864 -9.4265
10.148 -7.3021
11.791 -8.8416
11.744 -9.6434
12.28 -9.1414
10.11 -8.004
11.302 -8.1505
9.5329 -6.5912
11.239 -8.8523
9.2705 -6.7664
10.9 -8.8829
12.132 -8.5754
9.5946 -7.4127
10.116 -6.4485
14.204 -10.662
11.072 -7.8766
10.87 -6.9238
8.9429 -7.0993
9.4296 -6.5039
10.338 -10.066
10.743 -8.6564
9.1299 -7.6094
9.3998 -8.4338
10.551 -6.2925
9.159 -6.7782
9.7959 -7.6764
13.33 -10.89
12.38 -8.9332
12.7 -9.2145
12.098 -7.8368
11.496 -8.5714
10.198 -6.6398
11.908 -6.9783
10.669 -8.6298
11.347 -9.6496
11.526 -7.8907
12.352 -7.4728
14.643 -9.6984
13.191 -9.4052
10.862 -7.1813
10.121 -7.3611
13.644 -7.442
10.019 -5.6012
12.449 -8.4815
9.5252 -8.1959
10.413 -8.5932
12.276 -7.5739
11.083 -9.0342
10.684 -8.045
7.933 -3.8483
12.952 -10.255
11.125 -7.1794
8.8853 -5.9478
14.396 -9.8271
13.804 -10.528
7.9288 -3.7804
11.929 -7.7275
12.435 -9.1985
13.054 -8.9639
10.639 -10.78
9.8246 -7.0736
11.9 -8.4089
10.92 -5.7844
10.584 -6.2503
12.529 -9.1265
6.3379 -5.8372
7.467 -4.907
11.415 -8.8256
12.914 -9.7242
8.9215 -7.6977
9.7542 -9.6556
8.8149 -6.3291
10.513 -8.0071
10.046 -5.8449
12.078 -10.733
13.789 -11.297
9.0971 -5.4333
15.175 -10.579
14.162 -9.2609
9.5803 -6.1051
10.355 -10.176
10.985 -6.988
10.032 -8.8436
10.44 -7.1579
10.356 -8.1036
13.842 -11.569
12.721 -9.7
11.95 -9.6155
10.186 -7.9078
11.846 -7.3997
8.8382 -7.3897
8.8378 -6.7402
10.672 -8.3941
7.3276 -5.2026
13.354 -10.413
9.882 -5.0884
12.696 -9.6086
11.317 -6.5134
9.1117 -7.6698
11.104 -7.9997
9.1096 -7.4549
13.258 -9.8706
10.586 -8.9795
11.354 -9.8809
13.456 -9.5856
8.7617 -6.3687
9.1864 -4.3667
6.1754 -4.8665
8.5099 -5.6316
13.559 -12.101
10.806 -9.0251
11.891 -8.9033
8.2044 -5.7469
9.7299 -5.2308
14.903 -9.3016
8.7113 -6.8141
12.784 -11.565
8.7 -6.3667
9.438 -7.9648
9.7038 -6.506
9.5143 -7.95
9.0214 -5.9364
10.811 -7.6809
9.7662 -7.339
9.7973 -8.8238
12.009 -5.7189
10.929 -8.4305
10.168 -7.2008
10.973 -6.3903
11.071 -7.0413
12 -7.2277
12.206 -7.9305
12.431 -9.0315
10.399 -7.7958
13.842 -7.4483
9.0554 -5.6528
10.311 -9.235
13.211 -10.479
10.968 -8.2786
12.99 -9.5537
14.079 -8.6218
7.8549 -5.4571
13.196 -9.3053
12.429 -9.1761
13.683 -6.1433
8.0986 -6.076
10.43 -6.1292
13.234 -12.372
9.5135 -6.6156
10.641 -6.2574
9.099 -6.0266
13.034 -5.8991
12.388 -10.341
8.9295 -5.7604
14.228 -10.225
12.437 -7.275
8.9497 -6.2498
9.1953 -7.2329
9.1878 -4.441
8.1407 -9.0064
10.23 -9.1109
9.5859 -4.5307
10.695 -7.4543
10.762 -6.6428
10.776 -7.7814
11.942 -8.4293
10.313 -6.1221
12.206 -7.7568
11.043 -9.0922
10.398 -8.3004
9.9585 -7.3106
13.222 -9.3576
8.8333 -6.5418
14.326 -9.0204
11.77 -5.6393
13.737 -9.8077
9.5229 -7.9673
13.264 -10.629
8.618 -6.7585
7.2979 -6.8967
9.5135 -7.5151
12.085 -9.6583
11.732 -7.2351
11.154 -7.8512
12.814 -11.648
6.7379 -3.9437
10.617 -10.429
13.221 -10.338
14.167 -9.4755
12.348 -11.169
10.584 -9.0478
11.617 -8.9943
12.832 -8.8466
11.011 -8.0483
13.73 -10.404
13.202 -7.5653
6.9563 -4.8368
12.738 -10.136
10.982 -9.0047
13.844 -9.8455
10.178 -8.6909
8.6822 -7.0203
10.086 -6.4346
11.109 -8.7449
10.616 -5.2947
9.8874 -7.1884
10.844 -7.9248
9.9885 -6.8106
10.343 -7.8541
10.357 -7.9421
10.509 -5.9564
13.621 -8.8891
