14.385 31.143
19.88 30.008
22.012 30.58
17.197 31.29
31.849 32.205
19.584 29.656
25.179 35.526
19.098 31.612
27.144 33.126
11.95 26.808
17.823 28.896
26.27 31.89
25.871 29.889
24.233 32.789
24.524 34.295
21.276 29.278
24.067 33.303
28.824 35.371
28.424 31.433
27.616 33.979
34.018 33.412
27.985 29.655
27.01 32.911
32.537 34.415
23.191 31.87
28.44 33.048
21.833 33.695
27.181 34.912
29.455 29.863
24.022 28.955
29.673 30.741
16.252 28.998
29.813 33.973
26.74 34.057
26.044 35.224
32.784 31.257
25.592 31.381
20.218 29.674
24.946 32.489
19.565 29.783
24.011 31.642
25.299 31.297
27.187 31.22
28.112 32.091
22.991 31.855
17.81 29.811
23.043 31.392
33.966 33.862
27.632 32.664
19.271 27.314
28.058 33.673
20.121 34.483
15.639 33.332
21.729 30.712
26.961 36.243
33.562 32.198
27.223 31.63
29.02 35.177
17.062 29.185
20.026 32.132
19.334 30.819
25.694 29.47
28.204 32.894
21.39 35.562
9.6127 30.253
33.213 32.455
21.939 31.268
26.6 34.1
22.862 30.958
30.225 34.21
28.104 32.329
24.301 30.105
25.434 33.003
29.299 34.494
23.65 31.423
17.479 31.093
26.628 30.363
24.455 29.233
25.103 36.806
19.334 29.764
22.983 32.128
21.817 30.61
23.522 33.22
23.554 32.815
23.851 32.162
29.57 36.497
27.967 31.28
27.219 33.697
24.215 29.88
17.437 31.929
34.022 31.529
30.967 33.888
21.201 31.921
21.342 31.442
24.418 35.366
25.315 30.519
24.463 30.052
23.364 31.179
30.884 32.689
20.315 31.032
19.961 33.044
25.363 30.104
27.455 29.912
28.954 31.641
33.991 32.249
24.555 33.399
29.032 33.963
33.688 37.606
26.826 32.855
14.866 27.333
27.466 32.771
26.432 33.444
26.143 30.248
30.309 32.42
28.058 33.335
24.784 33.157
19.587 30.605
24.409 32.306
30.679 34.979
30.511 36.269
24.656 32.003
16.565 31.481
28.893 30.068
23.957 34.413
27.61 32.104
21.836 33.613
34.124 36.269
24.104 32.63
33.225 37.213
22.72 28.525
31.495 34.677
30.562 33.756
20.733 31.399
28.678 33.711
22.966 31.666
31.483 34.081
25.085 33.135
24.665 34.681
30.78 30.793
31.967 32.375
16.805 29.256
26.006 34.853
24.775 31.257
20.048 33.608
31.322 37.137
28.554 36.165
19.939 31.086
21.942 31.453
26.393 34.006
16.528 31.283
24.409 30.118
22.366 30.591
27.115 32.014
27.682 31.331
31.105 34.834
27.301 31.988
22.713 30.758
29.674 35.023
28.146 33.533
17.817 28.189
21.731 32.858
20.499 32.54
28.951 30.93
21.502 33.917
25.738 36.053
22.95 30.906
18.673 31.375
13.412 33.011
35.261 35.357
17.884 33.395
29.058 31.901
40.102 38.127
27.143 34.951
21.984 30.536
24.551 33.492
24.861 32.641
16.54 32.582
20.838 29.48
24.22 30.489
16.389 30.079
18.677 30.846
23.601 28.829
22.522 28.487
28.373 31.112
26.481 28.968
24.544 31.165
30.466 32.918
19.526 30.282
25.589 31.444
17.673 30.92
24.066 29.526
22.119 31.586
24.726 30.773
37.841 34.677
29.783 32.906
29.699 34.442
23.078 31.49
17.217 30.562
24.662 34.93
29.241 35.185
23.114 29.005
14.827 29.463
24.023 32.339
30.153 34.335
32.739 38.441
23.886 32.291
32.827 32.515
16.947 28.562
23.883 32.786
35.612 32.967
26.208 30.923
27.349 32.817
25.303 31.437
29.027 30.226
26.876 31.819
24.526 29.649
31.144 34.702
23.502 30.987
24.422 33.185
35.751 36.549
21.825 33.854
21.141 33.071
17.314 29.935
26.016 35.759
23.162 30.927
31.366 33.107
34.556 32.903
29.442 33.492
26.681 32.703
27.949 32.802
18.572 29.953
24.572 31.63
26.098 35.512
21.251 29.602
22.987 29.572
32.316 31.883
21.005 33.084
24.657 34.853
16.989 29.403
22.834 34.382
35.811 33.576
19.882 30.273
27.094 32.441
23.449 32.985
23.223 30.967
24.025 30.257
24.675 29.419
20.471 28.535
18.165 32.35
28.52 37.453
31.171 34.694
29.258 33.02
24.798 31.061
33.866 31.478
20.967 27.711
16.806 30.172
25.257 33.322
26.662 32.026
20.435 29.317
15.735 28.547
26.253 31.085
24.181 33.986
23.718 33.444
29.825 37.19
22.839 29.567
21.391 33.431
22.683 34.282
27.177 33.317
29.713 34.971
35.601 39.21
22.178 32.686
25.611 32.55
24.208 33.573
16.767 29.98
23.294 32.151
26.366 34.761
25.385 33.146
21.984 31.582
22.534 32.569
25.976 29.457
29.883 36.493
26.73 29.818
25.043 31.555
23.981 32.833
19.898 28.121
19.973 28.479
29.033 32.535
41.364 40.257
31.431 32.047
26.081 33.356
20.77 28.527
24.802 31.597
20.833 28.501
18.234 30.439
23.65 32.849
26.076 31.542
26.007 32.311
27.171 29.69
22.952 35.031
18.554 27.461
20.961 32.214
25.091 31.66
24.444 30.039
27.527 31.119
27.386 33.385
29.104 31.703
27.472 31.549
23.739 33.168
30.831 36.57
21.971 27.978
20.286 33.123
27.653 35.397
22.482 30.827
13.59 29.977
27.689 34.078
27.036 30.953
15.012 30.75
23.401 34.268
23.987 31.773
16.977 29.79
26.352 32.61
26.871 35.33
32.201 33.333
21.049 29.504
22.39 28.908
23.899 30.867
20.617 36.435
23.607 29.971
30.094 34.856
27.82 32.755
35.712 32.191
25.951 31.283
16.892 30.845
21.035 28.78
24.931 31.922
21.814 33.152
22.451 32.935
26.534 30.345
23.631 32.466
24.403 32.47
22.869 28.486
33.081 32.664
26.275 36.31
25.949 31.489
20.123 28.001
21.562 28.258
29.178 29.965
35.203 35.841
18.092 30.644
24.843 31.325
24.386 34.705
30.812 31.197
20.664 27.72
20.713 33.688
23.349 30.343
24.082 28.461
25.306 30.292
22.838 34.493
31.515 32.824
31.043 34.251
29.299 33.768
23.361 29.297
23.096 30.609
29.546 35.48
22.515 30.568
23.877 34.473
25.955 32.938
23.404 33.098
30.154 33.234
23.557 32.871
26.376 29.846
23.248 32.255
29.591 34.615
25.982 31.408
26.433 35.004
27.243 34.767
31.682 35.616
28.801 33.948
19.519 32.116
19.186 28.785
27.911 36.216
15.172 27.777
33.308 36.512
33.577 32.241
28.079 36.75
19.234 29.464
15.474 32.377
24.361 30.46
21.389 29.566
28.67 32.876
23.974 31.144
32.749 34.712
20.964 31.968
20.13 30.992
29.999 34.419
27.821 33.642
28.687 36.326
21.936 30.824
23.05 30.335
27.042 29.527
24.057 29.631
24.088 30.592
25.998 31.796
22.291 33.052
17.197 30.597
24.127 32.973
23.924 35.361
19.723 32.588
16.139 30.965
30.699 31.384
28.112 34.427
18.397 31.189
26.889 30.115
20.371 30.824
20.943 29.513
27.93 30.605
32.986 34.32
27.022 30.596
19.796 31.654
33.346 34.32
27.524 31.285
27.837 33.838
29.804 33.11
25.659 30.228
16.469 29.906
18.141 34.308
26.165 32.151
23.412 29.918
34.687 33.985
36.531 34.696
26.048 35.446
20.28 29.089
24.402 34.982
24.267 33.567
22.632 31.333
28.868 32.703
12.394 26.892
19.946 32.7
24.148 31.131
24.174 30.289
28.646 34.285
24.972 34.696
35.811 33.988
25.375 33.853
14.279 29.265
20.956 32.796
26.472 33.11
19.679 34.015
15.515 30.895
24.154 32.152
35.045 36.196
23.308 32.431
23.461 33.219
24.682 29.946
28.92 32.944
35.265 33.244
20.076 30.231
20.083 29.759
21.645 28.977
34.191 34.564
33.677 33.503
25.253 31.182
21.35 31.816
23.977 28.59
23.42 29.978
25.069 32.036
28.93 37.112
22.097 32.113
23.274 32.912
20.693 29.79
25.134 29.281
34.64 35.25
25.133 32.871
22.123 30.181
28.875 35.179
25.1 29.359
22.976 30.05
17.518 28.494
28.088 30.696
27.938 33.074
28.517 36.264
29.861 33.178
24.498 36.779
19.954 30.741
18.17 29.855
18.778 29.674
25.059 35.176
21.355 31.014
20.943 30.858
23.426 28.616
31.451 35.454
20.879 28.552
24.697 32.048
20.216 33.638
22.479 33.446
29.561 33.738
32.142 34.362
21.344 29.791
20.792 31.453
29.728 33.222
28.127 34.737
25.616 30.935
31.569 30.534
34.426 34.522
22.203 32.83
24.545 35.653
26.365 33.328
20.524 34.012
25.825 33.063
29.732 35.594
13.609 30.957
21.66 34.663
26.084 30.879
18.896 31.834
17.852 30.089
31.581 33.177
27.252 34.609
32.571 31.384
24.206 33.009
28.949 32.857
22.269 31.157
26.636 32.709
37.855 35.955
26.064 31.168
21.106 28.077
24.878 35.869
21.084 36.233
16.119 31.568
23.514 31.156
31.426 35.153
34.18 34.078
30.707 34.077
24.987 32.809
24.695 32.806
17.897 29.399
23.494 35.457
21.452 33.266
33.44 33.905
28.213 29.868
23.825 31.294
29.43 36.627
24.24 34.179
24.538 32.563
24.857 31.108
30.441 32.894
21.253 28.837
15.284 31.033
23.724 32.328
23.339 34.834
19.303 29.632
23.931 32.175
27.736 32.695
23.625 31.341
21.392 34.639
30.015 31.563
28.918 30.939
23.107 31.219
25.226 37.33
20.942 33.496
19.282 30.974
21.289 30.186
22.528 34.541
18.143 29.848
30.027 34.483
20.152 32.549
23.289 30.743
35.254 34.105
18.403 27.31
25.014 30.504
15.827 29.019
30.419 35.138
19.179 27.664
17.068 31.164
23.529 31.714
17.107 28.624
26.081 33.959
21.542 30.532
24.755 30.755
23.789 31.564
21.481 30.587
25.895 36.643
20.519 33.271
28.79 31.2
30.487 32.769
23.424 31.78
21.114 29.4
23.805 30.112
31.46 34.924
35.344 33.034
28.96 31.429
29.532 30.213
26.658 33.411
17.816 27.102
22.589 32.016
18.025 27.337
25.947 33.298
30.462 30.586
27.845 32.46
22.5 30.597
25.972 30.564
27.502 30.904
21.677 33.815
38.641 33.753
22.706 31.569
17.404 31.287
30.405 31.454
30.406 30.713
17.707 31.77
26.742 31.327
21.459 36.32
26.301 30.949
24.164 34.13
21.161 33.019
27.732 34.688
26.623 32.735
28.031 33.747
14.551 28.074
24.387 34.369
21.954 31.236
23.612 32.942
22.185 33.913
29.181 32.045
32.163 35.388
23.319 29.638
31.337 33.449
28.633 31.09
31.148 32.724
27.894 32.415
25.269 34.2
32.815 33.709
22.752 30.335
17.572 29.356
20.448 31.063
32.488 35.566
21.094 30.396
24.144 32.941
30.546 36.367
20.545 31.143
24.307 30.306
28.302 31.914
21.335 31.904
27.488 34.569
19.7 31.932
25.372 33.094
28.199 33.577
25.805 33.735
23.528 32.267
18.743 33.256
23.106 29.054
32.111 39.432
24.251 34.342
20.354 29.019
30.01 33.445
17.097 31.268
31.258 32.828
31.65 33.557
27.111 32.057
24.719 30.436
29.575 33.698
28.496 34.172
19.456 29.663
26.625 30.983
31.926 35.346
19.275 31.23
14.18 30.808
29.042 31.795
28.461 30.682
24.278 31.863
21.837 31.494
23.749 29.34
26.944 33.392
25.565 32.436
28.351 33.635
29.401 35.02
22.349 32.864
24.494 30.319
24.397 32.6
23.896 29.638
11.358 26.718
23.831 32.238
22.853 30.706
23.813 29.251
24.421 33.987
24.11 31.239
19.816 33.858
30.323 32.867
23.218 34.529
24.757 33.42
17.631 28.208
28.942 33.338
27.213 36.823
34.052 38.127
28.305 31.961
30.487 32.307
30.307 31.909
23.075 29.293
29.72 35.549
18.505 32.129
24.495 31.259
22.394 29.704
20.377 31.068
29.328 31.177
28.181 31.353
22.302 30.707
21.681 29.38
24.503 33.333
20.445 32.829
30.424 34.879
20.966 30.188
35.432 31.825
25.451 32.986
17.438 29.048
25.83 29.725
26.002 32.811
18.916 30.373
20.363 31.28
12.806 32.251
24.403 28.515
28.584 31.54
15.604 32.265
18.682 30.624
22.537 30.526
16.211 28.979
23.537 34.058
20.947 31.241
21.73 30.507
18.892 31.057
22.89 33.271
27.479 32.357
24.611 36.23
18.741 27.945
27.891 33.733
27.404 31.88
27.014 34.137
26.378 33.051
29.014 35.148
26.06 37.791
16.585 30.529
19.46 34.034
24.587 30.784
29.142 31.451
24.428 33.761
24.518 31.457
25.678 34.716
23.173 33.391
32.534 31.543
28.17 37.772
25.183 32.282
26.685 31
20.029 34.205
21.967 29.479
21.592 33.884
29.864 32.867
28.527 32.843
13.168 28.034
20.707 30.511
21.17 30.833
30.471 33.175
22.349 32.023
27.55 34.886
29.104 34.14
26.595 37.456
24.278 31.549
21.84 30.567
24.904 33.554
21.253 33.227
26.621 31.976
22.312 31.064
21.535 33.455
25.34 33.965
29.934 35.632
37.554 36.446
28.807 35.603
21.928 29.593
22.334 29.986
20.495 32.633
24.42 33.578
34.025 36.535
35.797 35.808
23.556 32.453
20.591 31.769
23.025 33.559
28.269 34.097
21.018 30.23
21.262 28.339
37.826 32.999
23.212 32.761
24.212 33.781
21.198 30.949
22.04 30.739
19.509 33.087
27.115 33.142
27.356 30.881
22.683 28.905
23.123 33.974
24.743 29.115
9.3057 30.409
30.487 31.551
27.446 35.745
26.256 32.66
19.162 27.929
17.749 32.621
32.954 31.071
31.953 33.548
30.101 30.536
27.919 32.311
31.545 32.572
22.884 30.16
30.497 32.698
20.254 29.771
26.6 33.042
33.891 36.018
16.699 30.525
25.956 31.654
26.072 33.779
25.659 32.935
18.222 30.284
22.247 35.142
26.166 33.572
26.006 31.197
23.623 31.313
21.915 35.24
28.47 32.676
19.061 28.982
25.653 36.368
20.081 28.06
17.253 34.16
24.289 34.735
21.712 28.924
23.742 28.538
32.928 33.56
19.947 28.443
27.939 34.061
24.685 35.822
13.654 33.064
21.064 34.267
27.856 31.025
23.339 32.077
27.27 35.615
31.121 32.773
35.976 35.268
25.31 33.475
30.029 33.351
29.095 34.629
23.569 31.417
26.382 31.497
12.908 27.516
22.494 29.36
15.458 32.96
30.674 35.158
23.948 30.401
21.502 28.342
25.845 31.628
22.726 28.02
18.212 30.31
29.541 32.67
21.446 34.784
27.98 30.766
27.606 31.38
24.846 31.751
22.702 34.553
26.339 33.452
17.814 30.082
21.303 33.736
25.69 30.719
19.169 34.151
13.108 28.945
19.097 34.899
31.898 36.1
17.41 28.02
21.058 31.301
23.04 32.114
23.058 30.929
15.707 29.013
22.857 28.621
30.963 34.308
34.328 36.711
21.857 31.127
27.174 32.11
34.646 36.069
20.75 34.501
26.271 30.39
27.227 34.793
21.349 32.427
22.386 29.501
27.724 34.278
30.972 31.656
20.922 32.342
24.139 31.786
16.804 35.472
26.066 31.15
16.637 29.121
31.272 33.435
27.858 33.661
17.754 29.213
22.012 32.935
30.381 34.43
27.455 33.406
23.275 32.179
22.035 29.21
21.156 31.702
23.559 34.943
26.981 34.199
33.022 35.46
18.485 28.217
22.009 35.026
31.479 32.46
26.234 33.537
26.001 31.206
29.703 32.671
24.69 31.071
23.023 35.403
21.962 32.042
35.624 32.692
21.27 32.878
24.973 31.549
29.125 34.477
24.314 31.082
24.797 34.866
27.966 33.902
19.324 34.139
24.028 32.748
28.305 33.839
23.175 32.463
22.94 31.606
23.073 32.899
33.015 31.102
19.986 29.042
23.441 29.018
16.735 32.664
19.62 33.72
31.118 32.625
29.75 34.048
25.995 35.453
30.956 34.729
26.736 32.16
26.308 33.501
20.921 31.108
26.149 34.699
19.176 28.95
26.2 31.493
22.312 31.89
28.695 33.056
25.177 32.101
32.558 37.886
27.517 31.937
30.544 31.869
19.272 30.559
28.553 30.964
21.971 28.201
26.892 30.123
21.991 31.569
16.088 32.195
31.45 32.576
23.251 31.299
17.8 30.006
26.176 33.668
34.202 34.741
26.036 31.591
29.807 32.711
26.211 31.166
20.642 29.566
27.418 32.27
27.284 33.175
15.163 30.073
17.695 28.312
23.865 35.711
27.943 29.428
29.49 35.535
19.674 33.274
29.987 35.447
27.434 33.182
29.073 33.425
28.16 29.521
26.856 30.24
24.338 32.543
25.053 31.288
23.297 32.403
29.255 35.717
22.088 32.261
26.65 33.127
32.33 35.243
23.123 33.508
22.794 33.565
28.177 35.905
29.684 33.305
27.35 34.963
24.797 30.391
28.141 33.479
27.996 33.666
21.297 30.946
18.348 31.32
27.092 33.611
30.754 34.619
20.721 29.481
21.978 30.833
35.704 33.974
31.122 32.842
21.77 30.747
21.841 33.108
