18.217 26.649
20.865 22.788
18.31 22.017
18.623 22.166
26.159 22.25
19.822 21.451
28.824 45.489
25.876 21.879
31.668 29.945
27.937 27.699
24.728 21.014
30.112 19.685
24.359 23.057
18.187 24.327
32.752 27.367
32.269 25.507
25.364 23.303
21.908 22.686
25.437 28.116
24.752 23.095
39.475 25.058
32.698 25.717
18.092 11.041
18.399 22.462
16.519 14.682
25.791 25.617
32.801 21.871
12.83 24.148
24.575 26.189
31.512 25.131
21.002 15.228
17.967 23.6
27.015 28.765
25.704 26.876
26.252 22.87
30.23 24.799
22.982 27.551
43.871 25.789
23.465 27.551
24.766 25.032
23.609 21.313
15.171 19.393
33.149 24.458
24.541 25.527
21.644 21.663
24.269 22.491
26.062 38.32
28.562 24.786
25.027 22.366
28.761 23.025
24.971 24.407
32.766 23.39
31.928 25.643
14.675 22.383
33.423 24.811
33.752 27.078
24.607 23.409
34.51 30.461
15.046 20.503
26.724 28.114
38.152 24.275
21.057 25.538
26.552 26.783
29.735 28.847
31.293 29.286
17.613 23.856
27.704 29.069
22.472 24.479
27.47 28.473
24.019 26.56
31.661 27.982
20.621 11.028
28.865 26.287
32.216 27.762
31.767 29.459
25.029 21.306
13.04 25.94
26.517 27.434
34.346 23.664
27.559 26.964
38.331 28.43
30.263 27.73
25.133 25.147
23.6 25.432
22.734 14.763
33.374 20.2
23.592 24.865
22.866 26.503
24.557 27.569
18.072 22.349
23.678 24.181
21.398 25.974
23.962 25.22
29.793 23.308
41.138 27.456
16.341 19.802
21.444 27.328
29.786 26.15
26.714 25.109
30.45 24.135
13.46 18.947
17.813 26.22
24.696 21.324
31.522 29.498
35.379 30.502
25.276 21.18
19.985 22.751
33.741 25.963
25.48 22.263
18.508 17.447
20.723 13.531
26.997 22.403
18.266 22.839
28.357 22.243
35.127 24.4
24.057 25.102
31.279 25.474
19.3 26.846
24.172 24.74
28.889 25.587
23.4 23.302
35.157 29.966
26.193 20.953
30.333 40.226
25.98 22.721
22.254 26.493
30.005 20.738
26.683 11.371
30.379 25.611
32.251 23.011
28.644 20.484
40.49 30.728
28.585 21.254
29.789 23.8
24.928 25.491
30.499 19.924
25.144 21.827
24.919 25.961
15.808 22.151
21.135 23.866
36.251 28.329
24.148 21.848
13.889 21.8
20.235 22.249
30.812 26.356
26.522 27.791
35.473 27.928
17.819 15.03
31.072 21.244
33.46 30.114
25.095 27.401
23.512 24.171
18.664 23.305
29.836 21.347
29.054 26.479
25.974 27.04
37.708 22.039
34.687 27.582
29.368 20.487
28.928 22.172
30.041 24.515
23.811 23.86
20.972 25.076
27.293 24.084
28.459 25.979
44.187 21.563
32.351 24.148
22.731 26.912
29.933 21.464
21.384 27.676
25.077 28.376
24.978 27.489
17.68 24.264
17.963 25.42
24.903 21.081
31.327 25.631
26.983 28.26
31.165 29.435
34.527 28.427
15.497 22.731
25.122 27.501
29.16 21.256
29.722 21.585
28.057 29.3
28.37 25.427
22.737 41.125
27.313 22.979
31.234 29.212
41.896 34.308
22.104 23.2
22.314 23.319
23.457 25.312
26.875 25.432
33.942 20.038
26.768 25.465
23.045 26.503
32.652 24.565
16.845 21.847
16.748 15.845
17.934 23.738
28.96 25.656
33.622 21.523
27.896 12.369
27.34 20.356
21.654 22.378
33.451 25.795
29.024 26.224
30.053 21.828
30.456 21.553
32.212 25.095
25.737 27.085
29.566 22.987
27.912 27.303
26.22 24.835
26.333 22.024
12.29 22.432
26.79 24.682
21.532 23.59
21.617 24.685
25.504 21.231
26.608 22.047
36.814 23.575
27.533 21.783
23.307 22.41
10.567 16.968
24.966 28.415
10.427 21.257
32.373 20.654
32.96 22.45
9.7177 16.985
26.673 21.652
48.114 32.796
25.229 24
21.421 26.658
17.527 25.827
20.125 23.889
26.914 23.288
31.109 22.215
20.667 26.116
27.201 25.956
21.267 26.586
16.512 24.053
25.31 28.128
18.104 22.308
34.657 28.711
32.541 25.152
24.67 23.503
32.403 24.341
27.924 27.827
20.218 21.589
20.159 21.606
21.431 21.548
27.755 26.427
24.785 40.246
19.934 23.657
30.554 29.413
22.751 25.61
21.513 23.608
25.264 22.638
16.883 11.811
22.618 21.742
29.127 25.681
23.482 22.468
24.39 26.193
36.965 20.266
32.56 24.685
27.08 27.134
19.374 14.602
32.845 24.957
23.87 22.168
25.361 24.715
29.017 23.983
9.8142 22.135
40.444 26.254
21.446 37.738
27.843 24.325
35.135 24.08
18.257 24.133
30.027 20.474
16.964 24.163
34.557 27.155
20.54 12.68
26.134 26.191
25.801 27.937
27.485 24.327
15.079 17.554
20.962 26.615
19.082 27.187
24.036 27.958
18.596 13.38
13.748 24.022
27.04 26.957
32.68 27.494
33.817 29.482
28.144 24.124
15.377 24.542
19.1 25.003
25.054 28.137
29.86 28.914
17.763 17.028
17.112 17.259
32.57 25.515
15.6 26.307
20.243 23.053
36.079 30.872
25.451 26.373
28.964 28.445
20.83 23.373
29.551 27.108
32.491 28.731
24.109 14.208
17.763 23.111
29.957 28.071
32.632 24.286
25.715 20.751
33.967 22.194
29.809 28.214
10.494 25.934
25.536 21.782
32.393 29.989
13.707 22.105
16.234 20.189
23.482 21.946
27.134 29.093
32.085 29.98
17.42 24.417
22.309 24.489
31.718 25.099
27.542 29.192
21.899 24.621
26.068 28.469
34.62 24.809
18.308 24.875
24.873 28.411
25.479 21.148
25.881 21.263
19.099 23.872
16.643 5.6566
34.65 22.751
22.653 14.572
20.513 25.6
27.242 20.796
14.061 25.738
26.074 21.3
19.369 22.379
25.007 26.093
27.73 22.855
34.527 26.408
24.035 23.84
18.033 26.948
25.019 24.803
25.729 28.594
22.479 27.038
22.305 27.088
31.992 22.711
26.116 27.679
16.725 22.475
25.672 21.531
20.957 24.602
30.306 22.88
20.355 26.49
24.241 27.869
15.695 21.492
22.829 26.932
20.518 25.261
24.509 21.854
27.195 27.216
25.334 24.045
27.474 20.469
29.585 20.61
29.041 28.47
15.73 23.021
21.886 21.923
26.253 22.595
9.7687 24.62
24.258 27.116
32.749 27.175
29.986 22.704
30.711 25.59
5.2246 21.607
26.545 21.338
20.118 25.848
25.683 27.515
29.941 27.994
30.701 22.607
20.888 26.22
15.723 15.875
29.428 24.581
33.907 20.739
14.571 15.84
20.412 26.072
20.754 24.868
36.327 24.643
25.034 21.036
37.525 28.97
24.532 22.808
23.146 23.979
29.6 25.079
32.501 22.785
33.01 27.384
24.596 28.028
26.315 23.661
27.162 23.595
14.392 14.02
34.458 19.875
20.133 13.815
33.91 29.63
29.061 26.954
15.853 26.298
24.28 21.078
23.82 23.477
24.091 23.04
29.075 39.705
19.326 25.362
27.332 22.023
32.743 22.063
33.093 22.294
33.98 29.928
17.952 24.142
13.302 24.436
21.956 24.922
34.05 29.799
24.623 37.978
24.037 25.986
26.853 26.926
22.613 26.948
18.23 10.063
16.752 24.989
27.778 27.005
26.133 25.78
30.083 27.619
23.36 25.945
20.065 14.045
35.027 26.563
21.438 22.208
23.389 24.257
25.443 27.015
21.213 27.632
20.254 24.783
24.658 23.44
22.51 21.993
18.544 22.218
25.69 26.167
28.59 24.776
30.539 23.41
21.98 24.546
19.821 26.06
23.116 23.674
23.882 23.641
19.659 21.957
31.741 29.011
28.887 27.835
22.531 27.308
33.946 26.897
26.2 21.049
22.153 23.217
26.612 24.422
27.24 29.007
38.516 29.847
24.368 28.219
34.255 30.541
28.782 22.684
24.929 39.938
21.085 25.113
22.325 22.051
26.742 26.519
34.491 40.933
20.432 21.668
25.337 25.22
28.623 22.687
30.357 26.496
18.069 13.703
26.004 21.688
33.01 24.888
24.842 20.979
39.091 23.256
26.67 27.888
32.412 29.025
14.646 20.895
25.775 23.992
34.578 17.418
20.774 26.463
17.159 21.073
22.562 24.167
28.645 24.593
29.154 21.762
18.85 23.964
22.172 27.034
18.813 41.142
27.339 21.953
10.651 20.211
16.965 15.129
25.753 13.327
22.763 27.956
20.651 22.207
31.64 24.157
24.369 25.388
26.977 23.213
34.787 27.84
26.301 28.061
16.036 19.367
30.742 26.363
20.962 21.827
18.002 17.751
24.951 25.377
22.994 21.531
21.306 23.135
21.479 23.4
30.379 29.985
13.932 22.379
39.642 30.976
24.93 23.55
22.714 13.68
27.978 27.109
19.271 21.953
13.095 25.173
17.109 24.636
19.415 13.645
28.706 25.257
36.405 31.492
32.3 26.379
28.871 22.819
35.413 25.229
32.198 29.739
37.081 19.79
20.556 22.87
32.487 27.699
20.95 23.618
23.067 26.644
22.675 24.058
19.429 24.531
32.508 19.273
13.835 21.499
31.575 26.596
8.8856 19.204
15.021 25.627
20.614 15.852
14.63 14.264
24.012 25.809
15.43 21.274
17.311 23.842
18.553 22.976
16.624 15.555
31.472 19.238
28.881 22.482
33.218 29.972
24.034 21.633
32.483 29.314
28.682 24.971
34.899 18.124
27.843 26.302
25.862 25.913
32.977 26.564
27.427 24.959
25.438 23.191
27.036 24.814
30.866 26.718
28.492 24.605
23.661 26.853
22.296 25.988
20.879 27.397
28.587 26.54
24.682 24.613
32.255 21.734
24.774 24.377
29.422 25.597
25.652 25.904
19.788 13.232
24.302 24.564
27.285 20.539
27.421 24.065
25.293 26.053
27.76 27.976
23.71 26.784
13.087 21.025
22.126 27.541
25.949 23.809
26.06 21.875
33.456 27.242
18.808 16.028
31.097 24.218
22.103 13.888
13.707 16.913
24.587 26.144
26.561 25.773
24.397 21.322
25.812 24.345
19.499 21.547
35.003 24.912
18.529 26.935
29.458 24.366
31.71 28.657
28.027 23.527
19.084 25.221
22.523 25.459
20.19 26.153
20.821 22.319
34.253 28.917
24.87 21.033
33.628 23.646
30.113 26.483
26.976 23.443
13.845 19.108
31.066 23.914
19.752 26.485
32.907 24.641
27.051 11.735
30.192 27.451
32.178 28.478
20.319 22.67
32.423 24.341
31.208 21.456
26.257 28.234
16.216 14.759
27.837 24.591
17.489 25.283
26.413 21.501
25.076 24.147
22.755 24.136
29.468 29.196
21.396 23.876
27.954 25.533
20.355 26.743
29.807 26.081
24.814 27.669
27.948 25.204
21.22 26.644
35.259 24.763
33.338 23.085
24.286 22.063
31.48 23.311
18.536 22.314
31.599 24.496
28.153 25.221
26.268 23.043
21.805 22.296
23.774 26.739
23.716 22.708
21.166 6.7588
19.001 16.956
32.71 29.091
31.864 30.259
30.428 27.155
26.815 25.171
21.746 25.057
28.755 24.277
26.188 25.284
25.172 25.4
25.402 22.458
17.885 14.302
25.302 26.924
24.737 26.846
29.656 27.657
25.748 21.491
20.809 23.005
16.96 19.441
25.05 25.65
26.405 21.196
31.085 29.579
24.614 23.633
26.894 20.915
30.666 25.948
11.502 24.441
17.004 23.214
18.6 25.234
28.982 20.374
33.407 23.368
28.284 24.49
19.003 15.717
33.473 26.234
26.897 24.076
15.909 15.243
27.527 22.579
31.749 26.002
24.588 21.11
28.444 20.224
18.62 25.278
25.107 22.615
25.174 22.801
24.283 23.793
27.559 20.927
26.292 22.054
25.892 27.56
22.579 22.676
17.272 23.526
32.056 20.775
11.16 19.605
29.317 42.669
27.308 25.684
24.621 25.063
30.501 29.209
23.977 23.336
20.973 26.966
27.305 27.617
23.72 25.562
34.627 23.868
27.646 21.316
24.222 22.016
22.173 25.924
26.696 20.808
20.697 22.476
30.57 28.296
18.923 13.29
18.744 23.066
34.52 27.59
26.642 21.399
34.803 27.438
36.929 28.268
20.821 23.757
28.87 20.801
18.231 16.539
34.107 25.08
25.924 28.652
17.008 19.898
27.897 20.93
30.787 27.346
36.981 30.123
30.428 29.151
28.282 25.58
26.188 25.704
18.078 22.848
22.582 26.376
27.518 27.036
24.797 27.244
30.105 25.601
10.395 20.186
36.724 29.818
20.663 12.029
30.54 19.786
28.362 24.247
39.185 18.231
28.369 10.946
33.335 23.457
32.239 27.822
28.193 22.001
19.052 26.409
30.261 24.962
12.988 21.353
21.441 25.206
30.419 24.053
13.864 22.134
32.549 18.61
14.34 26.39
26.308 27.989
34.04 30.755
10.376 14.695
14.1 21.617
29.064 27.654
31.556 23.595
19.395 21.871
28.505 28.188
38.922 33.022
35.379 30.28
16.113 38.064
19.612 24.318
33.653 23.829
31.792 23.181
20.532 24.042
19.724 22.229
24.471 25.175
18.039 23.812
19.489 16.168
28.073 24.156
30.052 26.616
24.62 27.553
38.561 29.415
22.526 6.143
17.824 23.715
28.094 26.216
19.798 26.098
8.2 20.581
20.33 26.527
18.329 9.2765
19.557 24.445
20.199 21.858
24.288 24.272
18.336 27.061
19.941 24.377
18.043 24.001
25.329 28.188
31.171 24.095
21.33 23.665
25.818 24.702
28.743 24.889
24.218 26.179
25.674 22.802
19.517 22.632
20.859 26.54
34.595 22.348
24.029 21.142
24.128 24.555
16.497 19.598
20.96 24.402
21.566 25.756
20.482 27.367
13.348 24.859
18.693 13.644
10.739 17.156
40.855 31.763
25.855 25.85
28.166 27.85
26.853 21.784
17.496 23.544
18.703 17.317
24.977 21.65
26.906 27.818
25.552 21.388
26.16 24.45
31.348 27.443
15.791 21.953
28.419 20.13
24.637 24.133
27.672 27.687
18.253 25.52
16.932 21.036
15.484 11.418
31.886 39.714
11.838 20.419
20.443 26.375
14.321 12.732
25.8 26.435
29.907 20.186
28.442 26.556
35.122 27.793
28.581 22.245
28.533 26.627
19.361 25.201
34.403 26.706
27.742 28.91
13.827 25.773
25.19 24.21
30.044 28.555
21.139 22.961
25.836 25.08
30.923 23.626
13.826 16.015
34.318 18.854
26.839 26.508
21.417 27.073
29.733 25.057
34.834 30.209
19.474 24.621
22.708 24.898
27.76 23.602
24.17 26.176
27.761 23.515
38.066 27.834
26.453 26.228
34.339 20.929
25.848 23.164
25.766 24.152
30.888 20.292
20.013 14.973
35.356 27.05
21.236 22.525
20.135 23.538
28.755 27.473
24.785 13.05
22.989 21.757
20.026 22.39
28.779 28.417
39.489 27.316
22.664 25.232
19.661 16.102
23.496 25.773
27.587 28.376
22.199 26.086
19.12 25.408
26.44 25.307
24.039 25.616
28.516 23.163
13.762 23.804
30.709 21.089
29.328 21.387
25.398 24.035
16.092 16.175
32.797 28.487
24.264 22.463
29.815 21.662
14.438 24.283
25.209 23.611
28.509 24.971
29.165 29.356
26.336 27.506
29.996 28.447
22.049 26.004
20.732 22.912
35.145 19.245
33.688 24.2
19.699 22.3
29.554 21.573
32.435 24.569
34.094 28.452
26.799 5.5205
29.879 26.959
29.086 21.5
37.091 26.363
35.317 25.595
31.111 24.353
26.839 28.644
29.569 23.686
36.452 31.633
24.324 25.791
20.368 22.488
19.895 11.544
32.821 29.767
24.837 27.314
14.678 15.324
21.58 15.336
23.951 25.377
28.441 23.162
21.955 27.789
20.887 22.571
29.003 22.571
15.245 24.392
34.81 21.756
27.083 26.22
33.56 11.004
26.687 26.385
17.509 17.992
30.353 20.718
22.834 27.496
25.902 27.864
20.03 14.624
26.122 25.858
33.489 26.372
21.282 26.744
29.74 25.167
19.493 13.846
19.275 21.63
22.235 24.878
24.978 23.988
28.867 25.709
21.669 24.962
20.762 23.812
27.037 24.03
22.165 25
25.406 24.864
29.517 25.646
27.883 25.743
29.544 25.997
17.16 25.545
29.144 28.249
29.145 21.205
32.87 26.78
27.034 25.499
23.269 23.542
23.164 24.471
30.269 29.099
26.058 23.428
24.243 21.266
23.425 21.865
34.288 30.711
26.678 27.798
18.758 11.758
23.938 23.781
20.19 22.497
43.994 28.906
28.234 21.95
18.053 26.941
26.375 22.585
15.645 18.763
24.719 21.345
14.66 25.736
34.72 27.389
21.377 21.754
26.099 23.323
34.894 28.624
32.801 29.747
16.485 20.237
21.869 27.715
26.321 22.965
16.566 24.434
29.725 23.7
27.676 21.484
26.418 23.551
33.969 30.14
28.408 26.673
12.322 24.624
22.669 12.618
20.234 24.274
17.979 23.977
25.191 28.571
36.819 28.544
15.988 13.267
25.087 26.408
15.545 22.966
33.024 22.316
19.044 22.637
13.026 18.766
26.411 25.368
43.681 20.15
25.777 21.153
35.434 29.068
25.007 23.808
30.414 22.875
29.228 28.863
27.351 21.072
25.273 24.609
12.929 36.143
