29.331 16.09
24.571 17.664
33.144 16.167
21.535 19.138
25.108 20.013
25.955 16.374
27.206 18.4
24.521 20.08
20.616 19.384
22.645 18.477
28.312 16.59
23.485 18.325
20.732 19.861
24.497 17.069
28.92 16.302
27.83 19.408
24.277 18.51
22.035 17.314
28.036 18.465
20.78 17.17
27.373 16.264
23.814 18.553
26.565 18.454
21.567 17.379
24.629 17.846
23.897 17.426
24.417 19.329
21.1 17.967
23.434 16.953
30.482 16.503
23.59 19.099
28.059 15.845
26.105 17.782
27.389 18.574
20.491 19.701
24.572 18.232
26.503 18.77
29.912 18.225
23.85 18.021
25.228 16.86
26.331 17.549
23.055 19.079
25.351 18.667
26.643 17.694
26.397 17.451
26.512 16.139
19.99 18.184
26.346 18.745
26.323 17.645
23.164 18.46
21.508 21.281
24.28 19.288
27.622 18.219
28.666 16.399
26.005 17.474
25.464 14.024
29.362 17.213
29.253 16.488
24.29 17.455
21.085 21.271
22.401 18.958
21.575 20.362
24.206 19.117
24.655 18.659
30.87 17.807
27.545 16.931
22.579 17.602
26.776 15.186
21.58 18.24
26.721 19.143
27.695 16.735
24.939 18.575
22.993 18.688
20.835 19.205
19.929 17.389
24.707 17.908
20.665 18.021
26.104 17.958
25.226 17.323
22.731 17.556
24.335 17.753
23.628 18.751
23.977 18.783
26.327 18.942
23.655 17.482
22.259 17.248
22.733 17.877
22.564 19.472
24.294 19
26.002 20.109
23.472 18.175
27.497 13.867
24.975 17.919
22.248 17.318
22.724 18.763
27.873 17.14
22.98 17.479
21.302 16.435
23.361 18.894
21.607 20.76
21.971 19.489
28.45 15.721
22.358 16.668
19.649 19
21.92 19.206
23.732 17.179
22.783 19.498
26.22 14.704
23.073 20.843
26.049 17.679
25.79 18.751
23.473 18.027
28.607 19.631
20.142 18.334
24.13 18.338
26.223 18.717
26.577 17.487
22.285 18.582
20.179 19.85
27.691 17.252
28.287 17.816
22.93 19.733
26.691 18.346
24.739 17.12
31.775 16.102
26.914 18.311
23.172 19.812
21.264 16.791
29.529 16.003
23.375 19.108
24.632 18.028
26.273 16.425
24.595 18.56
28.291 14.809
21.524 20.778
32.578 16.142
24.842 15.924
27.209 16.841
22.817 19.472
17.705 20.063
23.378 19.035
28.68 17.277
24.568 18.591
30.053 14.357
24.032 19.076
23.129 16.723
30.664 18.125
20.254 20.16
22.978 19.438
25.414 18.49
22.401 18.455
29.177 15.761
21.979 19.233
25.302 14.97
20.895 18.941
22.488 18.511
30.348 17.493
25.95 16.968
25.103 20.499
25.916 20.222
25.423 16.471
27.765 13.623
20.064 20.019
21.835 19.429
30.039 18.102
25.126 19.04
26.365 14.529
25.35 18.128
25.223 19.41
26.475 17.004
21.076 18.256
23.971 16.057
27.272 16.039
23.91 17.793
27.933 15.041
26.461 17.762
24.209 18.874
20.798 19.166
25.716 18.544
25.943 17.004
28.853 18.594
24.189 16.643
22.667 19.072
27.142 19.371
26.407 17.125
23.39 16.515
24.612 17.108
28.549 14.096
29.541 17.046
23.106 17.727
29.089 16.785
29.377 14.392
28.578 18.349
24.75 20.232
27.693 17.863
25.227 19.559
28.557 18.263
29.116 16.556
22.893 19.295
26.386 15.584
26.282 15.837
22.935 17.94
23.567 18.715
24.357 19.247
26.482 18.067
23.972 17.444
22.204 19.254
23.404 18.711
27.146 16.509
24.188 17.948
28.055 17.981
28.58 13.535
26.77 20.09
25.49 15.663
29.104 15.48
22.223 18.484
22.127 21.06
28.722 16.353
21.867 17.717
24.83 20.429
22.121 17.864
18.464 17.902
22.696 18.229
25.91 16.889
25.882 17.64
24.095 16.494
25.845 16.34
18.958 18.343
27.729 19.402
22.452 17.264
19.93 19.083
25.633 16.324
25.82 18.778
26.928 14.165
25.386 19.89
29.153 19.141
25.636 16.903
27.413 19.802
24.884 18.106
25.904 17.282
21.516 16.355
25.878 17.143
24.015 17.577
32.679 17.306
27.303 16.424
22.423 16.114
19.548 19.846
25.344 20.265
30.528 17.337
21.313 19.055
25.598 17.881
23.83 16.753
26.462 17.518
24.74 18.632
24.884 17.505
24.373 19.636
22.409 19.797
25.099 16.995
29.196 18.572
27.806 18.219
28.549 15.572
19.501 19.469
21.55 19.483
24.49 19.554
25.84 17.505
23.106 17.545
26.282 17.089
29.335 17.648
23.415 19.846
23.443 19.111
23.299 20.311
21.159 18.805
25.322 17.595
25.163 17.078
31.257 16.654
23.851 19.721
22.956 17.626
30.693 17.924
20.836 21.238
23.398 19.667
30.3 15.905
20.612 19.975
20.536 19.954
23.43 20.937
23.031 20.24
25.171 14.415
24.617 19.577
26.736 17.342
22.611 17.731
22.58 18.746
23.097 19.029
20.485 17.884
22.153 21.14
27.749 19.617
24.221 17.948
24.879 19.088
27.149 18.053
27.692 17.427
22.839 15.407
29.517 14.078
20.996 18.277
23.544 16.194
26.188 18.387
24.944 19.09
22.429 17.831
22.539 16.893
27.077 19.155
25.015 16.51
26.035 18.779
21.87 18.864
22.113 19.573
29.082 17.327
22.268 18.413
25.733 19.694
26.731 16.678
19.196 19.934
18.904 18.706
24.489 18.603
21.582 18.571
23.769 19.529
22.06 17.165
27.387 18.265
20.872 19.033
23.037 19.998
30.951 17.369
17.567 19.861
25.352 17.523
26.396 19.07
19.698 17.961
28.31 14.389
29.222 18.122
27.265 17.188
23.857 18.465
25.092 17.381
22.776 20.537
24.308 16.961
20.239 18.73
28.192 19.148
23.236 16.94
27.612 17.916
28.349 16.441
21.601 19.642
27.437 18.229
23.88 19.185
21.126 20.274
21.447 20.794
21.629 18.292
23.796 17.38
24.938 18.409
23.354 17.476
25.998 17.233
25.836 18.525
27.411 17.943
22.408 19.943
19.003 19.093
28.699 15.678
24.58 16.044
22.062 20.029
26.291 15.555
24.255 19.179
27.147 19.189
28.023 16.507
24.557 17.984
24.437 18.354
25.397 15.167
20.472 20.983
25.573 17.306
24.779 18.462
30.755 17.539
28.492 17.796
29.98 18.302
28.668 15.698
23.313 17.152
20.75 19.111
36.623 14.616
25.197 17.77
27.971 15.212
26.061 18.694
26.331 16.698
24.064 19.715
22.506 17.163
25.271 18.245
22.486 21.098
26.734 16.823
19.032 20.233
18.439 20.172
20.51 17.7
32.501 16.466
23.357 18.715
21.403 17.452
29.339 15.99
25.623 18.283
28.413 18.813
29.163 18.407
25.266 17.737
27.34 15.872
26.489 17.335
24.283 18.423
23.511 18.953
26.538 19.405
26.355 16.535
24.645 20.446
23.21 17.221
31.034 16.198
25.509 16.072
23.359 17.771
26.713 15.885
25.788 16.175
22.808 17.77
25.285 19.282
22.77 17.569
22.837 17.102
24.698 16.971
25.263 17.417
23.065 17.151
26.106 19.429
22.119 19.025
25.758 19.133
30.208 16.921
24.576 17.318
28.081 17.475
31.138 14.881
28.714 17.777
23.688 16.653
31.755 15.092
25.016 17.595
28.772 18.551
29.926 18.859
27.766 17.911
23.891 18.566
29.46 17.06
24.544 17.429
21.692 17.898
28.927 17.861
25.22 20.02
23.707 19.814
29.613 18.622
28.931 16.915
26.456 15.144
21.483 19.543
21.803 16.045
24.741 17.925
23.594 17.982
23.344 19.673
26.552 19.544
28.442 17.094
23.334 20.908
24.107 17.102
27.503 16.922
27.019 20.343
25.06 18.608
28.195 17.325
24.708 18.937
26.336 17.777
25.053 16.411
22.218 18.471
25.983 16.567
27.658 19.153
23.424 17.074
22.429 17.772
27.317 16.894
22.428 16.485
24.695 18.233
25.525 18.253
23.574 20.431
32.862 13.795
23.373 15.771
26.941 18.316
20.642 16.66
25.302 19.889
24.777 20.262
24.884 19.886
17.894 19.109
25.764 18.323
26.467 16.038
30.7 16.448
29.614 16.489
26.741 17.081
27.401 19.86
24.493 18.163
23.069 17.601
22.122 17.984
27.571 16.278
24.52 17.968
24.298 18.669
21.402 19.733
20.249 19.966
25.76 17.101
29.93 16.456
27.614 15.683
25.027 19.845
22.903 20.071
26.383 18.058
27.987 16.301
21.363 18.763
29.912 17.776
23.677 16.254
25.628 19.149
20.994 18.293
33.67 16.573
20.11 20.459
24.01 18.524
23.48 19.699
29.894 16.626
25.354 17.303
28.192 16.229
30.802 13.391
22.313 18.514
25.954 17.12
20.581 18.567
27.185 15.576
24.603 18.99
28.058 16.521
23.423 16.554
25.367 16.118
23.945 19.324
26.602 17.457
21.917 18.924
20.808 19.472
22.753 16.801
25.004 15.87
23.686 16.566
29.265 18.117
25.121 17.641
29.708 18.454
27.218 16.726
29.907 18.011
30.794 17.799
28.144 17.081
21.552 16.799
27.595 18.162
22.242 18.925
26.135 17.108
18.122 18.758
30.857 16.344
33.812 16.091
25.178 17.768
21.284 19.773
26.839 17.418
25.928 17.59
25.681 17.339
32.041 17.114
31.788 13.089
25.491 17.158
24.141 15.904
26.447 16.46
30.779 18.974
23.457 19.961
19.864 18.489
24.225 19.644
24.604 15.475
28.685 14.93
22.551 19.74
24.214 16.736
32.712 16.142
26.118 18.43
25.115 18.131
26.85 17.941
25.842 18.765
27.762 16.402
22.4 18.382
29.916 15.68
25.882 17.385
25.863 18.796
26.46 17.169
21.689 20.481
21.702 18.514
26.223 16.976
27.349 18.231
19.515 20.962
20.342 20.865
23.519 17.212
28.346 19.156
24.544 17.006
28.534 16.874
26.87 15.062
22.595 19
21.036 18.58
24.695 18.412
29.855 19.387
26.889 19.311
23.078 18.856
23.435 20.579
25.383 18.392
26.187 17.322
26.329 19.559
21.326 21.277
28.329 16.411
21.083 19.877
26.795 17.066
26.751 19.464
30.025 17.746
25.946 14.449
26.392 16.1
31.728 14.724
25.057 14.909
25.465 17.01
27.029 18.396
26.443 17.484
23.947 16.694
28.845 16.059
23.712 17.74
25.356 17.998
28.999 18.588
26.373 15.305
23.195 19.035
25.351 19.618
25.517 17.71
28.854 17.751
23.931 19.665
22.947 19.307
29.284 17.463
20.705 19.995
27.605 17.595
27.005 19.495
22.744 19.7
31.312 17.224
29.07 18.102
24.908 17.45
25.378 18.469
23.235 20.331
23.201 19.05
23.391 19.285
21.056 17.322
25.166 20.082
19.84 17.862
29.406 17.829
28.905 17.325
23.768 20.301
23.385 17.247
27.174 14.082
25.827 17.579
23.614 19.586
21.509 18.446
23.208 18.607
28.546 16.892
28.194 16.271
26.203 16.054
22.663 18.604
22.046 17.594
23.603 18.349
32.528 15.675
24.226 19.553
23.154 17.671
19.091 19.849
27.097 17.421
29.359 15.516
23.993 18.05
22.173 18.95
21.814 18.607
22.727 19.521
24.378 17.046
23.389 20.347
20.668 17.833
22.771 16.715
28.704 16.414
26.697 16.3
27.094 16.554
22.927 19.06
26.886 17.509
28.528 17.38
27.218 15.204
19.573 19.855
20.829 17.61
22.664 19.885
24.128 19.052
24.446 19.568
30.004 16.236
28.274 17.754
24.274 15.412
30.769 15.495
21.719 17.767
26.618 17.327
22.228 19.091
28.189 15.379
24.025 18.411
29.636 16.143
24.236 19.398
24.16 17.19
27.077 17.192
24.946 19.324
23.376 19.527
25.878 16.497
28.241 16.476
27.297 14.785
22.649 17.422
27.391 17.37
29.822 15.479
29.3 15.324
24.122 16.945
27.543 16.376
26.536 19
24.377 18.68
20.832 19.935
27.301 18.941
30.348 15.652
25.271 18.506
27.927 18.658
21.527 20.735
26.431 19.048
26.575 16.095
26.325 15.932
27.872 17.547
25.576 17.8
22.677 18.666
27.3 17.326
23.083 16.977
28.65 17.174
25.067 16.323
24.8 17.985
25.926 17.501
31.654 16.117
26.553 15.389
26.391 16.419
27.81 17.636
26.77 16.095
27.17 15.118
21.578 19.739
22.497 19.247
26.843 17.235
26.323 15.738
24.712 19.445
19.885 19.311
23.261 16.924
20.141 17.514
23.888 17.014
26.844 19.879
28.15 17.15
24.673 19.43
20.426 20.466
20.183 19.8
22.977 17.344
23.917 17.87
23.717 17.616
23.332 19.244
24.358 15.312
30.4 18.685
28.585 14.403
26.794 17.994
26.836 16.735
23.137 20.536
24.497 18.203
26.966 16.257
21.888 18.791
22.262 17.117
27.873 18.261
27.345 17.816
28.086 15.649
24.473 15.364
24.186 20.301
26.329 16.087
24.994 15.866
21.944 20.352
26.006 17.147
33.195 15.228
28.845 18.476
29.708 16.496
24.356 18.743
28.901 15.891
22.096 18.835
23.467 16.541
28.688 19.833
25.34 18.686
25.316 16.6
23.558 15.702
25.543 17.132
21.66 19.047
29.067 18.045
27.505 17.779
23.96 20.8
22.752 19.474
19.913 18.378
23.11 19.94
19.437 19.157
26.273 19.374
29.863 16.955
22.824 17.191
23.085 17.207
26.638 16.8
28.766 16.849
28.494 18.325
26.098 17.196
23.55 20.306
28.802 16.463
25.12 19.368
26.797 16.282
24.158 17.792
20.302 17.959
29.226 17.041
27.643 16.979
24.93 17.022
28.106 17.252
23.08 18.248
26.979 19.704
25.278 16.249
25.131 15.577
25.255 17.767
24.174 18.163
26.327 17.963
23.761 19.258
22.804 18.833
24.218 17.561
28.062 15.961
26.266 18.146
22.41 20.184
24.111 15.396
28.854 18.326
19.207 19.068
22.463 18.367
25.849 16.192
26.218 17.654
26.092 17.251
27.957 18.315
25.389 19.827
26.576 17.937
22.661 20.47
27.377 17.375
26.79 17.38
25.239 18.154
24.486 19.868
23.358 18.291
27.187 15.219
24.987 17.026
24.649 18.095
28.689 15.083
25.215 15.959
22.467 16.991
25.742 16.097
26.257 14.866
25.658 16.381
22.316 17.352
28.173 16.453
21.058 17.452
26.171 17.82
25.735 17.535
24.207 18.868
25.851 18.173
21.015 18.224
23.225 18.056
24.817 19.192
24.212 16.879
21.889 17.692
21.507 17.388
25.06 17.565
23.527 18.054
20.018 19.336
20.534 18.366
23.755 20.62
24.52 19.561
20.903 17.102
25.394 16.57
26.299 17.916
20.554 20.28
22.926 17.94
25.707 19.46
28.11 18.699
23.955 17.803
25.545 16.284
20.304 19.141
23.506 17.828
22.736 19.027
31.21 15.797
28.978 16.781
22.018 19.366
24.225 16.012
20.971 19.594
31.678 16.314
30.039 17.108
27.822 17.502
30.54 16.856
23.33 19.202
22.556 18.794
28.479 17.722
24.412 16.391
26.791 15.864
23.37 19.386
27.433 16.48
23.173 17.896
25.352 18.426
25.055 18.677
23.289 18.71
22.778 19.908
28.091 16.762
27.207 17.683
25.888 14.605
24.548 17.866
17.809 19.641
25.325 18.868
26.497 18.126
29.703 18.209
24.034 18.895
24.075 18.586
24.337 17.422
23.853 20.486
25.53 19.686
29.967 18.176
21.147 18.082
22.632 18.783
26.001 18.75
23.744 19.842
24.158 17.021
28.264 17.004
25.784 18.6
29.4 17.13
28.062 16.364
21.22 19.186
29.446 16.873
29.402 16.291
25.403 18.676
23.361 20.961
24.688 17.384
22.707 16.782
26.622 17.324
24.313 17.374
25.933 18.029
26.289 17.234
21.477 20.111
26.221 16.465
25.689 18.083
25.13 19.091
26.651 18.153
24.022 20.07
23.378 21.122
30.124 15.142
26.998 16.925
26.259 15.953
24.173 16.98
26.489 16.505
25.45 15.973
30.455 16.074
24.826 19.791
26.007 20.161
24.141 17.576
22.486 19.029
28.123 14.843
24.218 20.227
22.515 18.687
26.01 19.232
22.502 17.642
23.343 20.203
26.982 18.504
25.164 17.572
24.449 16.624
26.324 17.057
20.716 18.43
23.877 18.472
18.954 17.272
29.63 18.368
23.916 17.973
32.578 16.881
26.117 18.152
22.738 17.76
20.319 18.849
27.873 16.397
30.002 15.653
27.221 16.793
25.445 18.415
19.056 19.261
24.126 17.014
23.916 17.574
24.954 18.026
35.079 14.445
24.202 18.856
30.157 16.043
26.551 14.055
24.612 18.62
27.617 16.664
28.284 16.216
28.428 16.023
23.86 18.603
25.238 20.568
19.006 20.441
26.716 17.42
23.384 18.214
24.522 19.114
22.865 15.418
26.556 17.087
18.894 17.962
27.331 16.547
24.747 17.374
28.364 16.852
21.199 21.33
24.356 19.891
25.821 14.558
33.022 15.237
21.394 20.291
23.633 18.617
27.402 17.263
26.368 17.236
24.828 16.805
25.426 17.226
20.856 16.316
26.407 19.532
23.522 19.785
22.071 19.269
26.66 20.437
26.237 15.956
26.772 17.834
24.222 18.837
23.298 16.061
