652.2 1502
564.85 1607.8
555.46 1432.1
504.15 1385.3
580.81 1555.3
457.24 1882.3
500 1500
500 1500
625.71 1308.3
415.13 1336
798.55 1220.7
720.27 1294.2
362.98 1342.8
632.57 1259.4
685.61 1430.4
559.47 1373
500 1500
679.46 1301.3
580.08 1635.2
736.7 1240.8
654.42 1332.8
783.1 1422.2
500 1500
757.81 1302.7
737.8 1236.1
728.57 1233.1
367.93 1473.8
686.59 1260.1
778.18 1172
770.1 1402
500 1500
651.28 1530.7
500 1500
605.96 1503.8
267.18 1401.4
721.54 1418.5
411.31 1334.4
509.76 1215.5
542.3 1715.1
1083.6 1320.5
500 1500
500 1500
500 1500
531.36 1792
605.06 1613.4
338.41 1484.1
770.74 1360.1
500 1500
500 1500
808.28 1183.7
500 1500
686.72 1211.3
674.32 1187.6
638.34 1268.7
730.12 980.82
500 1500
715.88 1319.1
645.72 1391.8
500 1500
652.61 1324.3
601.75 1365
500 1500
500 1500
638.19 1744.6
500 1500
729.98 1206.7
500 1500
723.45 1297.5
707.65 1272.4
500 1500
628.5 1476.7
500 1500
660.66 1351.6
500 1500
633.25 1342.6
500 1500
803.97 1457.2
564 1725.8
762.58 1502.9
540.73 1374.9
480.6 1463.4
728.3 2458
500 1500
500 1500
630.23 1823.2
500 1500
737.82 1356.2
529.01 1080.1
500 1500
467.24 1626.4
471.2 623.07
665.62 1362.4
662.37 1271.7
500 1500
871.97 1321.8
658.69 1620.2
393.35 1637.6
507.54 2020.3
777.89 1265.4
500 1500
670.09 1315.2
380.16 1131.1
500 1500
661.93 1394.6
690.71 1326.2
500 1500
500 1500
716.78 1305.5
669.61 1448.6
753.14 1193.9
618.96 1254.6
629.13 1535.8
285.22 1543.1
504.15 1385.3
676.26 1473.3
422.07 1344.2
413.72 1283.7
547.21 1261.4
698.8 1361.5
653.56 1294.2
610.76 1414
571.98 1379.9
622.83 1225.3
568.45 1722.2
711.72 1267
717.46 1310.8
288.68 1292.2
500 1500
768.12 1296.7
470.06 1494.5
500 1500
500 1500
682.64 1206.3
500 1500
546.94 1412
665.74 1394.7
660.22 1425.7
463.65 1303.4
500 1500
635.57 1321.2
582.23 1732.1
603.8 1532.7
892.19 1402.2
500 1500
500 1500
471.2 623.07
500 1500
676.09 1410.9
703.15 1230.6
500 1500
596.35 1514.9
738.07 1305
542.59 1627.8
797.15 1262.7
580.43 1284
359.14 1693.7
500 1500
584.99 1426
988.43 1335.1
612.96 1418.7
500 1500
469.18 1408.3
500 1500
500 1500
687.55 1322.2
1113.7 1622.3
536.08 1852.9
484.17 1767.4
401.44 1205.5
638.65 1411.6
500 1500
500 1500
447.71 1556.7
789.86 1389.9
481.36 1501.4
504.78 1762.4
666.04 1223.6
500 1500
500 1500
651.36 1339.6
500 1500
500 1500
712.3 1316
659.61 1239
563.46 1710.7
500 1500
673.25 1192.7
544.39 1324.1
500 1500
713.19 1216.8
899.27 1303.7
400.03 1321.1
463.2 1579.4
597.84 1439.3
437.8 1069.8
754.05 1318.8
656.31 1782.7
500 1500
633.12 1407.4
697.37 1273.1
500 1500
500 1500
500 1500
588.34 1471.8
671.05 1242.4
248.39 1785.4
230.24 1226.3
500 1500
720.56 1340.4
725.02 1308.4
383.39 1585.5
500 1500
414.49 1523.4
433.72 1851.3
500 1500
728.53 1263.5
651.5 1353.3
742.29 1301.9
479.98 1060.7
597.84 1439.3
500 1500
863.2 1256.7
500 1500
736.96 1204.8
671.09 1316.9
610.21 1647.6
500 1500
611.9 1433.6
500 1500
609.52 1443.3
360.94 1541.8
571.88 1550.2
500 1500
500 1500
466.31 1847
654.24 1442.6
500 1500
461.64 1479.4
802.68 1374.9
741.8 1405.6
568.11 1244.6
325.25 1802.3
500 1500
760.62 1327.5
500 1500
637.03 1627.4
468.27 1913.8
564.2 1345
653.48 1484.8
983.74 1437
667.18 1446.6
500 1500
695.87 1364.2
435.02 1373
433.48 1833.1
292.87 2354.9
710.48 1195.2
748.64 1241.2
587.88 1314.5
629.92 1412.5
570.6 1472.1
395.62 1738.5
545.27 1502.4
428.46 1663.3
406.99 2029.8
553.05 1651.2
518.09 1470.5
686.72 1211.3
733.93 1361.1
434.39 1805.4
610.76 1414
776.88 1203
582.22 1083.6
500 1500
500 1500
529 1717.9
500 1500
380.81 1276.4
534.4 1664.9
457.13 1771.2
629.48 1353.3
470.8 1369.2
500 1500
743.1 1301
612.41 1286.6
687.58 1515.1
565.27 1647
699.12 1366
875.97 1223.5
443.71 1488.5
631.72 1370.3
500 1500
692.56 1283.6
667.54 1424.8
361.73 1437.4
259.23 1753.2
664.91 1439.6
500 1500
500 1500
381.29 1519.9
638.65 1411.6
817.71 1214.4
638.87 1518.5
519.85 1508.4
583.05 1551.4
559.17 1305.3
298.16 590.42
703.84 1199.3
588.77 1532.5
625.75 1313.6
692.64 1279.4
500 1500
693.01 1435.7
666.04 1223.6
751.42 1310.7
287.18 1085.8
853.47 1448.5
578.96 1323.5
686.86 1369.1
1282.4 2065.8
349.15 1023.5
477.41 1694.3
1033 2495.6
689.47 1268.1
500 1500
500 1500
317.1 1573.4
552.43 1619.8
454.71 1850.1
682.13 1363.6
549.96 1133.5
500 1500
681.44 1391
748.81 1276.1
554.29 1658.3
724.92 1182
500 1500
550.76 1721.6
338.41 1484.1
736.13 1316.5
531.37 1691.4
628.25 1383
575.52 1297.8
586.48 1359.6
483.58 1515.3
1024.8 1315.9
500 1500
681.53 1353.6
799.03 1323
729.39 1354.4
500 1500
737.7 1276.8
500 1500
415.7 1757
531.97 1873.1
500 1500
647 1329.9
633.26 1554
776.19 1357.3
770.1 1402
356.28 1035.6
485.3 1643.4
382.51 1365
684.81 1289.6
539.92 1591.5
685.65 1514.8
521.28 1613.7
887.6 1214.9
754.87 1232.8
500 1500
500 1500
669.26 1504.7
755.98 1244.9
977.84 1555.7
759.96 1357
570.04 1454.3
361.76 1352.2
671.39 1329.1
567.84 1473.4
500 1500
576.71 1282.5
500 1500
501.32 1947.6
500 1500
590.59 1784.6
799.78 1295.5
637.03 1627.4
532.1 1328.6
500 1500
288.33 1234.4
566.45 1628.1
1122.9 1315
633.12 1407.4
591.74 1361.7
248.4 1284.7
500 1500
793.78 1331.5
500 1500
699.75 1344.2
695.38 1268.2
1024.8 1315.9
358.53 1453.6
706.36 1459.6
414.49 1523.4
662.55 1443.1
540.76 1355.2
647.81 1837.1
795.46 1195.5
621.39 1454.3
1222.4 1758.5
644.66 1191.8
650.04 1215.7
784.28 1402
279 1163.6
500 1500
470.07 1649.8
661.56 1125.9
504.14 1269.4
699.07 1380.2
608.66 1124
500 1500
500 1500
500 1500
500 1500
462.66 1468.8
500 1500
500 1500
500 1500
500 1500
576.44 1601.4
500 1500
570.52 1317.5
613.92 1334.7
821.34 1270.7
500 1500
527.31 1515.6
500 1500
680.53 1479.2
456.75 1604.5
693.33 1289.7
500 1500
619.16 1405.5
500 1500
500 1500
318.1 2111.1
500 1500
636.77 1443.1
617.67 1497.5
500 1500
838.43 1337.1
646.31 1134.1
516.73 1672.2
253.16 1564.2
685.01 1334.6
553.73 1596.1
500 1500
827.98 1462
724.82 1372.2
356.86 1513.8
654.38 1488.2
684.72 1280.1
590.9 1522.4
582.71 1347.2
672.01 1308.3
500 1500
575.51 1420.1
500 1500
465 1255.3
500 1500
620.74 1800.2
500 1500
500 1500
654.95 1205.7
500 1500
619 1293.6
615.89 1360.5
682.75 1355.6
500 1500
500 1500
500 1500
500 1500
710.48 1195.2
530.63 1257.4
831.64 1285.5
530.74 1679.9
500 1500
716.44 1381.1
500 1500
630.75 1358.6
500 1500
952.24 1487.1
667.16 1177.3
500 1500
593.67 1436.9
667.16 1177.3
333 1509
799.88 1265.8
1057.3 2070.8
500 1500
326.06 1747.8
303.69 2001.4
512.74 1844.1
323.09 2117.6
388.05 2166.9
315.13 2362.1
267.91 2078.8
266.25 2022.4
287.19 2216.4
305.58 2086.4
369.65 2256.3
288.65 2258.7
418.35 2150.4
305.76 2086
439.66 1949.3
368.2 2148.8
335.31 1988.4
342.15 2194.4
325.08 2230.8
266.26 2201.7
291.21 2104.5
269.52 2042.3
231.48 2141.3
421.09 1863.6
365.74 1945
276.82 2144.4
270.48 2133.5
286.45 2130.1
347.3 2020.1
345.36 2070.6
435.71 2169.2
428.73 1934.2
295.18 2049.8
273.14 2010.8
394.93 2123.7
301.22 2138.8
349.76 2070.5
528.68 1980.3
408.97 1930.9
313.98 2168.9
355.52 1980
477.44 1795.4
300.76 2049.8
345.73 1157
364.02 2016.6
383.5 2245.5
242.62 2074.4
331.14 2260.3
295.37 2313.2
295.78 2006.7
262.5 2136.3
276.21 1562.9
446.87 1941.3
298.76 2129
324.3 2085.3
404.9 1953
472.91 1817.8
308.7 1970.7
297.57 2088.1
225.41 1162.5
401.84 2074
329.44 2071.9
266.33 2172.6
382.2 1959.1
330.94 2068
351.21 1874.4
513.13 1810
304.9 2149
280.36 2103.9
316.37 2168.4
288.09 2087.6
351.41 2265.4
441.82 1833.2
261.89 2238.9
334.27 2012.1
313.19 2177.6
323.18 2206.3
459.7 1894.8
347.1 1914.5
332.18 2104.2
443.6 1742.6
244.51 2087.9
315.41 2119.6
333.97 2069
314.29 2221.5
383.21 1972.7
288.27 2264.8
513.24 1769.3
430.95 1824.8
374.34 1982
448.17 1887.7
327.51 1963.9
283.34 2212.5
351.15 2032.1
300.12 1563
248.34 2166.8
319.84 1778.1
345.87 2142.2
280.28 2177.3
359.04 2048.8
343.7 2075.2
327.65 2214.5
385.97 2075.6
320.22 2211.4
263.06 2179.3
342.72 2131.9
441.35 1835.3
363.64 1995
304.93 2295.1
305.53 2150
619.24 1789.3
316.2 2044.2
336.81 1859.9
315.34 2068.9
413.56 2027.2
312.65 2039.8
311.6 2320.4
329.69 2015.6
368.02 2380.2
387.32 1990.4
356.09 1907
351.16 1444
534.33 1837.3
315.04 2106.9
539.52 1795.3
356.09 1907
343.76 1989
415.87 2219.8
290.66 2147.5
241.53 2132.3
266.76 2318.7
293.09 2134.1
263.46 2135
297.31 2178
284.23 2082.7
263.84 2113.5
469.93 1769.8
625.81 1838.4
170.34 1989.8
333.07 2268.5
321.08 2179.7
363.93 1823.6
457.84 2007.7
329.08 1441
279.97 1502.2
333.05 2054.4
284.23 2082.7
273.13 2178.8
552.72 1671.8
285.7 2098.2
408.14 1949.2
479.26 1938.8
356.35 2309.6
223.45 2310.8
415.59 1899.8
242.27 1288.9
468.86 2013.8
194.05 1912.5
308.55 1744.6
288.48 2149.6
329.05 2191.3
326.73 2221.9
177.3 2178.3
137.78 2103.2
336.26 2104.1
359.45 2266.1
401.84 2074
403.44 1894.1
319.74 2052.6
273.44 2107.4
311.56 2124.7
471.08 1901.8
461.24 1814.4
441.97 1838.2
272.45 2163.9
266.76 2318.7
310.09 2101
516.14 1847.2
338.04 2235.3
311.05 2145.8
281.23 2227
293.05 2133.8
326.26 2286.1
391.62 2009.4
270.31 2156.7
573.8 1738.2
272.61 2036.1
303.87 2050.3
296.05 2245.6
336.73 2184.4
263.29 2090.8
178.77 2346.6
236.68 1993.4
314.55 2055.7
365.81 1779.9
447.81 1892.6
244.07 2331.5
421.7 1925.2
309.71 2254.9
278.95 2182.6
346.49 2203.8
293.56 2284.9
339.38 1999.3
311.32 2173.2
543.56 1805.5
518.15 1734.8
448.59 1726.7
198.42 1430.2
363.04 1929.6
458.77 1794.5
327.6 2185.3
347.32 2014.2
268.24 2217.9
332.33 2252.2
401.91 2077.9
304.19 2137.6
385.88 2017
168.19 2151
349.73 1968.5
293.16 2037.2
341.59 2089.6
365.79 1512.3
443.27 1925
506.97 1827.6
304.66 2161.8
407.96 1734.4
401.29 1894.1
246.39 2107.7
282.95 2191.4
300.48 2084.4
319.67 2280.2
484.4 1927.7
335.65 2135
303.66 2128.1
371.38 1090.1
374.75 2142
316.55 2119.3
191.11 2218.7
432.8 1894.9
278.26 2030.3
602.12 1631.3
369.87 2103.2
418.76 2326.5
536.36 2023
243.19 2246.3
301.58 1431
327.42 2089.4
315.76 2223.2
270.44 2266
177.87 1897.8
420.76 2008
307.2 2253.3
193.23 2095.6
335.49 2127.8
335.65 2135
362.9 2113.1
372.93 2161.6
239.67 2110
332.99 2015
393.27 2151.5
315.05 2070.4
350.17 2197.3
222.27 2153
309.65 2122.5
329.31 2069.5
286.05 1987.9
197.58 1948.7
233.15 2309.2
301.86 2188
325.65 1879.4
281.79 2141.6
322.3 2080.4
342.7 2173.2
350.01 2110.4
258.04 2173.7
272.19 2138
363.13 2021.1
330.98 2062.3
228.5 2286.5
325.52 2107.2
284.35 2301.3
338.52 2047.5
272.68 2089.5
333.31 2356.4
341.5 2269.3
514.68 1923.8
315.17 2293.9
317.09 1684.4
293.14 2218.1
449.99 1768
435.07 1967.5
284.23 2082.7
191.11 2218.7
270.92 2267.1
251.5 2334
310.22 2260.1
278.99 2064.6
291.33 2250.1
278.56 2130.2
293.95 1906.2
168.62 2169
403.84 1924.9
328.62 2155.6
363.13 2021.1
438.67 1741.1
303.97 2130.7
295.37 2103.2
318.82 2187.6
340.31 2151
303.27 2133.3
319.6 2367.5
298.11 1946.8
318.21 2183.5
372.52 2114.2
498.94 1782.8
313.69 1906.3
316.48 2147.1
337.29 1157.9
361.72 2204.4
254.25 2190
255.08 1920.7
415.11 1955.3
339.84 2115.1
323.82 1821.6
308.53 2111.4
347.86 1934.4
406.04 2128
210.26 1987.3
293.29 1176.3
388.85 2089.2
376.38 1653.6
324.31 2147.8
352.02 1659.4
200.44 2275.3
382.75 1676.5
300.32 2395.1
301.82 2044.3
247.16 2099.4
374.34 1982
472.08 1926.4
286.17 2166.2
330.15 2172.7
437.96 1986.1
295.9 2124.8
278.28 2127.2
277.39 2297
442.55 2165
346.93 2060.3
428.86 1559.7
342.32 2382.5
381.89 1986.6
335.96 2103.8
353.77 2268.1
265.09 2209.3
302.19 2059.4
395.74 1966.6
287.63 1466.3
266.2 2185.7
283.07 2120.9
308.71 2133.6
155.59 2170.3
305.08 2072.1
337.39 2050.3
215.39 2012.8
407.64 1930.1
307.7 2344.9
324.7 2039.7
364.35 2064.6
256.05 2043.8
416.54 1960.1
372.72 1807.7
374.81 2065.4
288.21 2226.8
254.34 2130.6
323.18 2206.3
277.27 2195.4
359.03 2127.8
298.76 2129
287.53 1956.1
366.07 2062
432.48 1869.3
432.26 1786.8
323.38 2045.2
509.18 1852.8
169.4 2466.9
317.35 2021
293.48 2150
399.96 1991.4
317.44 1981.8
306.06 2079.2
372.03 1904.5
340.46 2263.9
471.06 1844.5
267.91 2080.5
301.11 2059.8
387.21 2163.4
307 2143.4
340.66 2014.5
177.64 2182
257.54 2130.3
363.68 2063.9
339.38 1999.3
367.24 2025
182.98 1797.1
312.44 1999.7
293.79 2111.7
317.06 2268.9
421.52 1910.8
289.54 2179.4
356.53 2180.7
278.83 1682
382.75 2076.1
417.1 1988.6
268.77 2103.8
327.71 1953
428.14 2022.7
330.77 2022.7
334.59 2177.2
362.15 2149.9
307.15 2124.3
321.98 2261.6
378.45 2145.4
403.73 1775.2
381.9 1972
419.11 1912.7
428.14 2022.7
366.48 2020
274.32 1574.9
272.52 2406.7
276.21 1562.9
321.26 2098.5
382.91 2063.8
376.92 2129.2
274.46 1961.2
229.53 2118.3
288.58 2388.1
322.5 2119
300.32 2058.9
296.22 2095
174.23 2382.8
265.69 2347.3
349.05 2094
303.99 1927.9
433.17 2044
392.82 2058.3
579.32 1757.5
316.38 2064
317.9 1935.6
335.69 2289
495.21 1899.1
204.55 2144.6
327.77 2083.1
321.72 2136.2
273.77 2244.7
317.15 2445
304.08 2160.1
463.92 1816.7
325.67 2058.3
600.7 1678.9
347.33 2018
198.42 1430.2
316.2 2044.2
372.39 1966.2
463.44 1838.9
282.34 1974.3
326.89 1640.5
380.73 1796.3
500 1500
493.74 2190
282.63 1972.9
443.5 1669.1
306.26 2132.6
331.08 2149.2
317.9 1935.6
346.74 1765
328.62 2155.6
338.04 2235.3
243.9 2112.7
478.04 1641.9
338.82 2118.2
282.52 1964.7
305.86 2162.7
321.91 2052.1
287.16 2099.1
484.08 1708.5
312.89 2097.4
377.28 1705.3
296.38 2195.3
403.98 2136.8
530.48 1964.5
373.34 2029
221.76 2245.1
271.16 2247.7
235.86 1432
348.12 1886.5
382.98 2076.4
318.19 2208.4
235.95 2256.7
449.32 1939.9
240.66 2180.1
358.25 1707.3
387.9 808.19
500 1500
772.48 2277.6
491.47 944.51
502.67 1003.1
619.26 1013.9
519.53 951.33
641.19 1124.3
393.45 762.71
472.77 1286.6
646.71 1092.9
1021.1 2392
469.42 853.94
338.98 813.53
344.31 835.23
469.42 853.94
431.06 850.34
306.86 852.22
411.74 852.62
335.42 835.19
316.1 1048.9
465.7 917.71
469.39 927.87
639.92 1061
402.91 959.53
366.93 1219.3
409.4 832.39
429.68 822.53
471.05 1045.3
956.83 1910.7
407.82 841.76
338.19 935.13
405.92 788.33
375.32 924.42
409.95 844.74
316.1 1048.9
426.67 958.73
517.09 974.46
424.33 988.43
544.41 973.65
979.2 1969.8
377.88 1012
255.56 1058.7
432.72 731.57
735.73 2140.6
577.99 1213.7
450.78 1035.8
387.9 808.19
695.09 2280.6
455.02 920.01
677.64 1113.5
458.78 928.01
489.84 1037.1
283.62 600.94
462.4 938.5
654.15 1252.6
607.66 2112.6
397.69 896.54
452.85 958.83
500 1500
450.11 893.63
577.99 1213.7
521.93 1004.9
407 1051.1
262.08 903.42
482.63 996.93
521.48 970.28
437.17 825.28
580.25 1115.7
620.15 1100.6
264.59 994.45
820.6 2242.8
346.92 824.42
704.18 1036.2
536.79 912.1
606.98 959.08
182.73 847.78
321.63 944.79
415.63 1348.6
534.1 1101
360.43 1037.8
207.2 975.82
517.09 974.46
620.02 993.95
447.95 957.73
564.57 1010.8
572.14 1056
671.36 2234.3
163.98 1047.8
572.14 1056
447.95 957.73
509.01 1050.6
272.26 512.75
432.72 731.57
677.25 1122.2
610.29 879.96
630.63 1051.8
422.11 950.12
497.93 1236.3
588.91 989.16
716.68 2105.8
436.23 933.22
484.43 927.83
328.82 779.8
482.63 996.93
500 1500
366.19 828.12
500 1500
414.56 962.74
600.36 1137.7
223.06 908.28
376.84 884.05
342.18 1001
338.19 935.13
363.87 913.55
407.11 801.67
370.99 797
403.69 1095
485 949.06
334.96 825.11
734.62 912.89
518.25 913.73
423.37 953.61
442.78 858.01
304.47 838.29
276.57 843.37
500 1500
363.77 793.89
407 1051.1
509.01 1050.6
688.95 1073
567.71 1067.7
304.11 800.11
567.76 1344
462.4 938.5
500 1500
772.48 2277.6
639.92 1061
405.05 865.89
406.34 912.62
626.26 1143.2
590.68 1158.8
262.08 903.42
449.08 743.13
346.2 841.79
363.77 793.89
610.8 903.99
630.61 1155.9
213.21 1094.5
455.02 920.01
474.66 1230.2
316.6 920.3
304.32 538.48
516.95 951.75
664.38 1060.7
619.26 1013.9
409.95 844.74
405.79 839.9
403.69 1095
735.73 2140.6
414.59 841.97
509.01 1050.6
611.57 1056.6
607.92 1064.3
347.84 903.95
395.95 642.33
556.42 1043
272.26 512.75
489.84 1037.1
342.18 1001
537.37 1075.3
539.97 1062.2
641.19 1124.3
645.67 1120.8
477.71 821.68
400.51 749.41
328.17 958.93
534.1 1101
373.68 1140.5
462.54 879.97
281.57 821.5
446.04 1268.2
540.4 1115.3
366.71 724.59
623.86 1086.9
451.97 852.85
444.67 993.08
456.11 989.89
371.77 656.54
579.93 976.56
596.63 950.98
432.74 929.56
330.46 946.75
388.33 1034.4
393.11 860.45
387.9 808.19
620.15 1100.6
514.56 998.74
490.39 1078.2
309 1602.4
526.49 999.28
625.7 1043.5
477.76 1033
392.26 985.94
489.84 1037.1
407.11 801.67
452.93 1065.9
336.06 870.04
533.47 1034.7
764.09 1028.5
276.57 843.37
681.45 1030.1
336.06 870.04
626.44 1126.8
397.69 896.54
405.79 839.9
398.4 773.95
375.32 924.42
535.49 1302.9
374.06 978.34
506.58 949.11
366.93 1219.3
361.62 742.69
432.72 731.57
510.12 893.33
610.29 879.96
336.06 870.04
543.95 982.03
341.78 726.01
332.01 860.66
264.84 858.34
423.37 953.61
601.36 1067.1
330.74 897.12
374.06 978.34
512.12 943.83
365.23 821.94
386.69 1484.2
330.75 965.61
552.78 1001.7
432.74 929.56
509.01 1050.6
379.98 781.8
795.88 1776
505.02 1021.9
290.09 837.8
596.63 950.98
328.82 779.8
602.73 1061.7
353.32 897.33
616.49 2188.8
572.88 1117
479.2 938.55
393.11 860.45
549.37 883.26
734.62 912.89
683.09 1131.5
371.95 772.58
936.02 1717.4
604.29 1107.8
443.52 926.11
312.57 1012.1
264.59 994.45
408.12 2083.5
449.3 925.85
566 1008.7
604.13 970.96
439.98 634.06
514.56 998.74
333.93 806.53
395.24 906.37
347.86 823.88
332.62 942.86
341.28 917.39
375.32 924.42
431.75 839.92
341.63 983.54
795.88 1776
913.06 1010.5
544.41 973.65
500 1500
626.44 1126.8
460.75 886.88
534.1 1101
449.3 925.85
979.2 1969.8
456.7 954.28
641.19 1124.3
466.94 994.9
426.38 1496.5
516.95 951.75
424.33 988.43
564.57 1010.8
371.77 656.54
500 1500
431.06 850.34
484.43 927.83
548.6 1298.1
264.84 858.34
266.66 709.67
637.05 945.33
567.71 1067.7
590.68 1158.8
435.74 925.31
449.08 743.13
336.06 870.04
390.38 829.96
479.03 925.69
523.87 996.8
432.74 929.56
336.82 1203.6
540.32 937.79
412.6 803.61
645.67 1120.8
332.09 778.14
431.75 839.92
615.03 1062.7
452.93 1065.9
362.05 866.77
490.39 1078.2
323.51 857.73
290.09 837.8
846 2245.4
355.6 879.53
479.79 939.67
353.85 1040.1
469.42 853.94
397.68 891.86
404.37 1011.8
489.84 1037.1
327.77 1079.3
469.42 853.94
283.62 600.94
482.36 1047.8
223.06 908.28
734.36 1157.8
370.38 779.33
631.79 1185.6
607.92 1064.3
531.6 912.36
332.62 942.86
676.75 1122.1
398.4 773.95
423.37 953.61
367.61 736.79
537.37 1075.3
371.77 656.54
342.18 1001
497.93 1236.3
521.48 970.28
510.12 893.33
691.11 1225.3
633.04 1150.7
287.49 791.34
506.34 994
469.39 927.87
408.51 771.66
182.73 847.78
409.27 1321.8
517.09 974.46
566.85 1245.8
577.99 1213.7
607.66 2112.6
595.45 1074.7
616.49 2188.8
563.08 1011
676.75 1122.1
688.95 1073
625.96 1110.7
505.02 1021.9
283.62 600.94
409.4 832.39
660.9 934.31
392.35 770.46
287.49 791.34
465.94 1081.4
522.33 999.88
273.21 964.89
538 884.94
572.14 1056
405.05 865.89
415.69 1004.6
321.63 944.79
431.06 850.34
366.93 1219.3
680.13 2188.7
290.09 837.8
688.95 1073
506.95 933.39
367.61 736.79
390.64 843.69
632.72 2188.2
509.91 1156.3
532.49 983.23
355.34 964.06
479.03 925.69
365.23 821.94
751.28 988.99
342.18 1001
637.89 1081.3
407.11 801.67
722.88 1050
347.86 823.88
287.43 833.95
515.34 954.79
586.83 1114.1
454.55 1172.4
398.4 773.95
309.68 872.97
316.6 920.3
456.7 954.28
660.16 995.45
505.66 969.47
918.74 2154.4
306.51 1403.3
268.84 836.06
407.11 801.67
449.08 743.13
526.49 999.28
593.68 1101.1
309.68 872.97
500 1500
395.77 903.54
411.74 852.62
397.93 719.7
650.46 1086.7
405.79 839.9
534.1 1101
477.39 920.19
489.84 1037.1
331.99 822.82
431.75 839.92
324.79 793.23
438.74 935.41
366.93 1219.3
393.75 956.96
376.49 766.13
375.32 924.42
505.02 1021.9
676.75 1122.1
438.14 829.9
403.69 1095
500 1500
843.78 1074.5
568.19 1066.8
420.15 732.55
371.77 656.54
366.71 724.59
304.47 838.29
365.23 821.94
390.01 776.12
500 1500
620.15 1100.6
454.16 836.6
395.69 748.04
541.54 1342.8
641.19 1124.3
395.95 642.33
335.42 835.19
412.6 803.61
375.59 881.65
426.81 1039.3
345.13 934.81
956.83 1910.7
465.7 917.71
414.89 981.2
735.37 862.75
564.68 1076.3
456.57 920.21
328.82 779.8
490.08 993.96
302.12 1121.7
601.84 1009.7
370.88 1060
304.47 838.29
334.88 856.52
645.37 1084.5
336.82 1203.6
500 1500
373.48 798.37
639.92 1061
607.66 2112.6
535.07 1040.4
612.63 1160.7
411.94 1206.1
213.21 1094.5
411.74 852.62
296.56 844.02
451.78 1085.9
363.77 793.89
542.24 1017.8
840.4 1010.9
509.01 1050.6
456.11 989.89
519.1 997
304.11 800.11
363.77 793.89
367.1 717.57
632.72 2188.2
810.21 1662.1
